('-1,-1,54197,53699', [[0, 0, 0, 0, 0, 0], [-1.4862292198533746, -0.022488209690081074, -0.10082657025816485, 0.043779853547864934, -0.5618726985163799, -1.3963158317791409], [-1.4862292198533746, -0.022488209690081074, -0.4760633197762514, 0.06346722918818075, -0.2810422327788839, -1.3949098001381837]], [[0, 0, 0, 0, 0, 0, 0], [10, 3, 1, 2, 0, 0, 0], [11, 3, 1, 4, 0, 0, 2]], 101.56057739257812, 101.56057739257812)
('-1,54197,53699,42095', [[-1.4862292198533746, -0.022488209690081074, -0.10082657025816485, 0.043779853547864934, -0.5618726985163799, -1.3963158317791409], [-1.4862292198533746, -0.022488209690081074, -0.4760633197762514, 0.06346722918818075, -0.2810422327788839, -1.3949098001381837], [-1.4862292198533746, -0.022488209690081074, 0.0225848077888043, -0.013537027723835183, -0.6619643289220158, -1.3663762875508356]], [[10, 3, 1, 2, 0, 0, 0], [11, 3, 1, 4, 0, 0, 2], [13, 3, 1, 4, 0, 2, 2]], 14.363785743713379, 115.9243631362915)
('54197,53699,42095,54191', [[-1.4862292198533746, -0.022488209690081074, -0.4760633197762514, 0.06346722918818075, -0.2810422327788839, -1.3949098001381837], [-1.4862292198533746, -0.022488209690081074, 0.0225848077888043, -0.013537027723835183, -0.6619643289220158, -1.3663762875508356], [-1.4862292198533746, -0.022488209690081074, 0.02805949932145119, 0.8134539343084297, -0.5945741836129608, -1.502295722742668]], [[11, 3, 1, 4, 0, 0, 2], [13, 3, 1, 4, 0, 2, 2], [13, 3, 1, 2, 0, 2, 2]], 11.539979934692383, 127.46434307098389)
('53699,42095,54191,24570', [[-1.4862292198533746, -0.022488209690081074, 0.0225848077888043, -0.013537027723835183, -0.6619643289220158, -1.3663762875508356], [-1.4862292198533746, -0.022488209690081074, 0.02805949932145119, 0.8134539343084297, -0.5945741836129608, -1.502295722742668], [-1.4862292198533746, -0.022488209690081074, 0.0005224968476190941, 0.05070112420657374, -0.6639205063202235, 1.6296090529218699]], [[13, 3, 1, 4, 0, 2, 2], [13, 3, 1, 2, 0, 2, 2], [13, 3, 1, 2, 0, 2, 2]], 11.718033790588379, 139.18237686157227)
('42095,54191,24570,62127', [[-1.4862292198533746, -0.022488209690081074, 0.02805949932145119, 0.8134539343084297, -0.5945741836129608, -1.502295722742668], [-1.4862292198533746, -0.022488209690081074, 0.0005224968476190941, 0.05070112420657374, -0.6639205063202235, 1.6296090529218699], [-1.4862292198533746, -0.022488209690081074, -0.030777196162628973, 0.1342678071759193, -0.5696741598209469, 1.3863814119042566]], [[13, 3, 1, 2, 0, 2, 2], [13, 3, 1, 2, 0, 2, 2], [13, 3, 1, 2, 0, 2, 0]], 12.166265487670898, 151.34864234924316)
('54191,24570,62127,62069', [[-1.4862292198533746, -0.022488209690081074, 0.0005224968476190941, 0.05070112420657374, -0.6639205063202235, 1.6296090529218699], [-1.4862292198533746, -0.022488209690081074, -0.030777196162628973, 0.1342678071759193, -0.5696741598209469, 1.3863814119042566], [-1.4862292198533746, -0.022488209690081074, -0.015718314771042168, 0.6548126983486049, -0.6254523386728422, 1.4118146066217503]], [[13, 3, 1, 2, 0, 2, 2], [13, 3, 1, 2, 0, 2, 0], [13, 3, 1, 4, 0, 0, 2]], 9.625290870666504, 160.97393321990967)
('24570,62127,62069,53702', [[-1.4862292198533746, -0.022488209690081074, -0.030777196162628973, 0.1342678071759193, -0.5696741598209469, 1.3863814119042566], [-1.4862292198533746, -0.022488209690081074, -0.015718314771042168, 0.6548126983486049, -0.6254523386728422, 1.4118146066217503], [-1.4862292198533746, -0.022488209690081074, -0.05106719170934951, 0.057328913010987796, -0.5437966008605021, 1.639114919406382]], [[13, 3, 1, 2, 0, 2, 0], [13, 3, 1, 4, 0, 0, 2], [13, 3, 1, 4, 0, 2, 2]], 8.342619895935059, 169.31655311584473)
('62127,62069,53702,60383', [[-1.4862292198533746, -0.022488209690081074, -0.015718314771042168, 0.6548126983486049, -0.6254523386728422, 1.4118146066217503], [-1.4862292198533746, -0.022488209690081074, -0.05106719170934951, 0.057328913010987796, -0.5437966008605021, 1.639114919406382], [-1.4862292198533746, -0.022488209690081074, -0.030252924854846968, 0.04289435217955364, -0.5799122631478428, -1.766682816683089]], [[13, 3, 1, 4, 0, 0, 2], [13, 3, 1, 4, 0, 2, 2], [13, 3, 1, 4, 0, 2, 0]], 15.306842803955078, 184.6233959197998)
('62069,53702,60383,62506', [[-1.4862292198533746, -0.022488209690081074, -0.05106719170934951, 0.057328913010987796, -0.5437966008605021, 1.639114919406382], [-1.4862292198533746, -0.022488209690081074, -0.030252924854846968, 0.04289435217955364, -0.5799122631478428, -1.766682816683089], [-1.4862292198533746, -0.022488209690081074, -0.020355564081953086, 0.599998219759428, -0.634750546917068, -1.7112098759358612]], [[13, 3, 1, 4, 0, 2, 2], [13, 3, 1, 4, 0, 2, 0], [13, 3, 1, 2, 0, 0, 2]], 9.773397445678711, 194.39679336547852)
('53702,60383,62506,15258', [[-1.4862292198533746, -0.022488209690081074, -0.030252924854846968, 0.04289435217955364, -0.5799122631478428, -1.766682816683089], [-1.4862292198533746, -0.022488209690081074, -0.020355564081953086, 0.599998219759428, -0.634750546917068, -1.7112098759358612], [-1.4862292198533746, -0.022488209690081074, -0.038631986641240956, 0.08249830426281525, -0.5886768678233442, 1.7287238355399244]], [[13, 3, 1, 4, 0, 2, 0], [13, 3, 1, 2, 0, 0, 2], [18, 3, 1, 2, 0, 2, 0]], 6.477650165557861, 200.87444353103638)
('60383,62506,15258,58090', [[-1.4862292198533746, -0.022488209690081074, -0.020355564081953086, 0.599998219759428, -0.634750546917068, -1.7112098759358612], [-1.4862292198533746, -0.022488209690081074, -0.038631986641240956, 0.08249830426281525, -0.5886768678233442, 1.7287238355399244], [-0.0037701724725383097, -0.022488209690081074, -0.035385448166697246, -0.08494230685271544, -0.6032247609698342, 1.696997448279529]], [[13, 3, 1, 2, 0, 0, 2], [18, 3, 1, 2, 0, 2, 0], [18, 3, 1, 0, 0, 0, 0]], 13.584288597106934, 214.4587321281433)
('62506,15258,58090,58096', [[-1.4862292198533746, -0.022488209690081074, -0.038631986641240956, 0.08249830426281525, -0.5886768678233442, 1.7287238355399244], [-0.0037701724725383097, -0.022488209690081074, -0.035385448166697246, -0.08494230685271544, -0.6032247609698342, 1.696997448279529], [-0.0037701724725383097, -0.022488209690081074, -0.4144730400340183, 0.042552979639676136, -0.40749963619850726, -1.4051878140123308]], [[18, 3, 1, 2, 0, 2, 0], [18, 3, 1, 0, 0, 0, 0], [18, 3, 1, 0, 0, 0, 0]], 7.494433879852295, 221.9531660079956)
('15258,58090,58096,58098', [[-0.0037701724725383097, -0.022488209690081074, -0.035385448166697246, -0.08494230685271544, -0.6032247609698342, 1.696997448279529], [-0.0037701724725383097, -0.022488209690081074, -0.4144730400340183, 0.042552979639676136, -0.40749963619850726, -1.4051878140123308], [-0.0037701724725383097, -0.022488209690081074, -3.0357089501726113, 0.03370120605879201, -0.4664650446652526, -1.1583206476860508]], [[18, 3, 1, 0, 0, 0, 0], [18, 3, 1, 0, 0, 0, 0], [18, 3, 1, 0, 1, 0, 0]], 8.613723754882812, 230.56688976287842)
('58090,58096,58098,58081', [[-0.0037701724725383097, -0.022488209690081074, -0.4144730400340183, 0.042552979639676136, -0.40749963619850726, -1.4051878140123308], [-0.0037701724725383097, -0.022488209690081074, -3.0357089501726113, 0.03370120605879201, -0.4664650446652526, -1.1583206476860508], [0.3668445893726708, -0.022488209690081074, 2.8633871654777825, 0.1466534175339966, -0.3963603849360475, -1.1301860301657076]], [[18, 3, 1, 0, 0, 0, 0], [18, 3, 1, 0, 1, 0, 0], [20, 3, 1, 3, 1, 0, 4]], 17.52228355407715, 248.08917331695557)
('58096,58098,58081,58082', [[-0.0037701724725383097, -0.022488209690081074, -3.0357089501726113, 0.03370120605879201, -0.4664650446652526, -1.1583206476860508], [0.3668445893726708, -0.022488209690081074, 2.8633871654777825, 0.1466534175339966, -0.3963603849360475, -1.1301860301657076], [-0.0037701724725383097, -0.022488209690081074, 1.13343683631487, 0.3380212361691489, -0.21354580958062244, -0.9171058045191289]], [[18, 3, 1, 0, 1, 0, 0], [20, 3, 1, 3, 1, 0, 4], [18, 3, 1, 0, 1, 4, 2]], 12.532615661621094, 260.62178897857666)
('58098,58081,58082,23750', [[0.3668445893726708, -0.022488209690081074, 2.8633871654777825, 0.1466534175339966, -0.3963603849360475, -1.1301860301657076], [-0.0037701724725383097, -0.022488209690081074, 1.13343683631487, 0.3380212361691489, -0.21354580958062244, -0.9171058045191289], [-1.4862292198533746, -0.022488209690081074, 0.03612307040936253, 0.05601361029582038, -0.5035062102377671, -0.8901616093850985]], [[20, 3, 1, 3, 1, 0, 4], [18, 3, 1, 0, 1, 4, 2], [11, 3, 1, 0, 0, 2, 2]], 21.62354278564453, 282.2453317642212)
('58081,58082,23750,16764', [[-0.0037701724725383097, -0.022488209690081074, 1.13343683631487, 0.3380212361691489, -0.21354580958062244, -0.9171058045191289], [-1.4862292198533746, -0.022488209690081074, 0.03612307040936253, 0.05601361029582038, -0.5035062102377671, -0.8901616093850985], [-1.4862292198533746, -0.022488209690081074, -0.001797287700112247, -0.0018753244864989065, -0.6353085058354023, -0.9050159697742444]], [[18, 3, 1, 0, 1, 4, 2], [11, 3, 1, 0, 0, 2, 2], [11, 3, 1, 1, 0, 2, 0]], 14.985413551330566, 297.23074531555176)
('58082,23750,16764,40787', [[-1.4862292198533746, -0.022488209690081074, 0.03612307040936253, 0.05601361029582038, -0.5035062102377671, -0.8901616093850985], [-1.4862292198533746, -0.022488209690081074, -0.001797287700112247, -0.0018753244864989065, -0.6353085058354023, -0.9050159697742444], [-0.0037701724725383097, -0.022488209690081074, -0.30955846407837545, -0.05518969058912596, -0.24538046564336266, -0.9190445484345482]], [[11, 3, 1, 0, 0, 2, 2], [11, 3, 1, 1, 0, 2, 0], [18, 3, 1, 0, 0, 0, 0]], 14.058175086975098, 311.28892040252686)
('23750,16764,40787,58072', [[-1.4862292198533746, -0.022488209690081074, -0.001797287700112247, -0.0018753244864989065, -0.6353085058354023, -0.9050159697742444], [-0.0037701724725383097, -0.022488209690081074, -0.30955846407837545, -0.05518969058912596, -0.24538046564336266, -0.9190445484345482], [0.3668445893726708, -0.022488209690081074, -0.2549878523775735, 0.18533615620742355, -0.541114191219383, -0.8413661348945529]], [[11, 3, 1, 1, 0, 2, 0], [18, 3, 1, 0, 0, 0, 0], [20, 3, 1, 3, 0, 0, 4]], 12.019200325012207, 323.30812072753906)
('16764,40787,58072,58074', [[-0.0037701724725383097, -0.022488209690081074, -0.30955846407837545, -0.05518969058912596, -0.24538046564336266, -0.9190445484345482], [0.3668445893726708, -0.022488209690081074, -0.2549878523775735, 0.18533615620742355, -0.541114191219383, -0.8413661348945529], [0.3668445893726708, -0.022488209690081074, 0.911996002849914, 0.10350432287176313, -0.3064360059311698, -0.723978750525894]], [[18, 3, 1, 0, 0, 0, 0], [20, 3, 1, 3, 0, 0, 4], [20, 3, 1, 3, 0, 4, 4]], 10.626161575317383, 333.93428230285645)
('40787,58072,58074,58036', [[0.3668445893726708, -0.022488209690081074, -0.2549878523775735, 0.18533615620742355, -0.541114191219383, -0.8413661348945529], [0.3668445893726708, -0.022488209690081074, 0.911996002849914, 0.10350432287176313, -0.3064360059311698, -0.723978750525894], [0.3668445893726708, -0.022488209690081074, -0.3949334947884827, 0.01239044443291343, 0.17746050836232505, -0.8652200717080105]], [[20, 3, 1, 3, 0, 0, 4], [20, 3, 1, 3, 0, 4, 4], [20, 3, 1, 3, 1, 4, 4]], 12.687004089355469, 346.6212863922119)
('58072,58074,58036,58030', [[0.3668445893726708, -0.022488209690081074, 0.911996002849914, 0.10350432287176313, -0.3064360059311698, -0.723978750525894], [0.3668445893726708, -0.022488209690081074, -0.3949334947884827, 0.01239044443291343, 0.17746050836232505, -0.8652200717080105], [0.3668445893726708, -0.022488209690081074, -0.2738755381651911, 0.07737211440497227, -0.15976587645807908, -0.9081870969602943]], [[20, 3, 1, 3, 0, 4, 4], [20, 3, 1, 3, 1, 4, 4], [20, 3, 1, 3, 0, 4, 0]], 24.720783233642578, 371.3420696258545)
('58074,58036,58030,58048', [[0.3668445893726708, -0.022488209690081074, -0.3949334947884827, 0.01239044443291343, 0.17746050836232505, -0.8652200717080105], [0.3668445893726708, -0.022488209690081074, -0.2738755381651911, 0.07737211440497227, -0.15976587645807908, -0.9081870969602943], [0.3668445893726708, -0.022488209690081074, 0.07259820274559431, 0.04374531697945525, -0.5064465651724811, -0.892837808243093]], [[20, 3, 1, 3, 1, 4, 4], [20, 3, 1, 3, 0, 4, 0], [20, 3, 1, 3, 0, 0, 4]], 14.690654754638672, 386.03272438049316)
('58036,58030,58048,58011', [[0.3668445893726708, -0.022488209690081074, -0.2738755381651911, 0.07737211440497227, -0.15976587645807908, -0.9081870969602943], [0.3668445893726708, -0.022488209690081074, 0.07259820274559431, 0.04374531697945525, -0.5064465651724811, -0.892837808243093], [0.3668445893726708, -0.022488209690081074, 0.2071085899611773, 0.05978989973367971, 0.25040920868915095, -0.8473914357291762]], [[20, 3, 1, 3, 0, 4, 0], [20, 3, 1, 3, 0, 0, 4], [20, 3, 1, 3, 0, 4, 0]], 8.65407657623291, 394.6868009567261)
('58030,58048,58011,68382', [[0.3668445893726708, -0.022488209690081074, 0.07259820274559431, 0.04374531697945525, -0.5064465651724811, -0.892837808243093], [0.3668445893726708, -0.022488209690081074, 0.2071085899611773, 0.05978989973367971, 0.25040920868915095, -0.8473914357291762], [0.3668445893726708, -0.022488209690081074, -0.12322988952786255, -0.013245007518740616, -0.5241728314430542, -0.9587467219125819]], [[20, 3, 1, 3, 0, 0, 4], [20, 3, 1, 3, 0, 4, 0], [20, 3, 1, 0, 0, 0, 0]], 31.00658416748047, 425.69338512420654)
('58048,58011,68382,58006', [[0.3668445893726708, -0.022488209690081074, 0.2071085899611773, 0.05978989973367971, 0.25040920868915095, -0.8473914357291762], [0.3668445893726708, -0.022488209690081074, -0.12322988952786255, -0.013245007518740616, -0.5241728314430542, -0.9587467219125819], [0.3668445893726708, -0.022488209690081074, 0.7718740568133708, 0.01923960335297398, -0.20812231604705161, -1.0406110978298306]], [[20, 3, 1, 3, 0, 4, 0], [20, 3, 1, 0, 0, 0, 0], [20, 3, 1, 3, 0, 0, 4]], 13.065352439880371, 438.7587375640869)
('58011,68382,58006,58000', [[0.3668445893726708, -0.022488209690081074, -0.12322988952786255, -0.013245007518740616, -0.5241728314430542, -0.9587467219125819], [0.3668445893726708, -0.022488209690081074, 0.7718740568133708, 0.01923960335297398, -0.20812231604705161, -1.0406110978298306], [-0.0037701724725383097, -0.022488209690081074, 0.22673396723497316, 0.16628267547171618, -0.40887682051280855, -0.9958594902387286]], [[20, 3, 1, 0, 0, 0, 0], [20, 3, 1, 3, 0, 0, 4], [18, 3, 1, 0, 0, 4, 0]], 12.188554763793945, 450.94729232788086)
('68382,58006,58000,53778', [[0.3668445893726708, -0.022488209690081074, 0.7718740568133708, 0.01923960335297398, -0.20812231604705161, -1.0406110978298306], [-0.0037701724725383097, -0.022488209690081074, 0.22673396723497316, 0.16628267547171618, -0.40887682051280855, -0.9958594902387286], [-0.0037701724725383097, -0.022488209690081074, 1.085069328494696, 0.11328310827445288, -0.05400719902277402, -0.9758758636948877]], [[20, 3, 1, 3, 0, 0, 4], [18, 3, 1, 0, 0, 4, 0], [18, 3, 1, 0, 1, 0, 0]], 12.864927291870117, 463.812219619751)
('58006,58000,53778,58934', [[-0.0037701724725383097, -0.022488209690081074, 0.22673396723497316, 0.16628267547171618, -0.40887682051280855, -0.9958594902387286], [-0.0037701724725383097, -0.022488209690081074, 1.085069328494696, 0.11328310827445288, -0.05400719902277402, -0.9758758636948877], [-1.4862292198533746, -0.022488209690081074, -0.037607801763419366, -0.05247847741695823, -0.5150905001612791, -1.3774892589918266]], [[18, 3, 1, 0, 0, 4, 0], [18, 3, 1, 0, 1, 0, 0], [13, 3, 1, 0, 0, 0, 2]], 20.738269805908203, 484.5504894256592)
('58000,53778,58934,3347', [[-0.0037701724725383097, -0.022488209690081074, 1.085069328494696, 0.11328310827445288, -0.05400719902277402, -0.9758758636948877], [-1.4862292198533746, -0.022488209690081074, -0.037607801763419366, -0.05247847741695823, -0.5150905001612791, -1.3774892589918266], [-1.4862292198533746, -0.022488209690081074, -0.1422231255124024, -0.15357371123052832, -0.5790941448132219, -1.4612880561333041]], [[18, 3, 1, 0, 1, 0, 0], [13, 3, 1, 0, 0, 0, 2], [13, 3, 1, 0, 0, 2, 0]], 15.537878036499023, 500.0883674621582)
('53778,58934,3347,55702', [[-1.4862292198533746, -0.022488209690081074, -0.037607801763419366, -0.05247847741695823, -0.5150905001612791, -1.3774892589918266], [-1.4862292198533746, -0.022488209690081074, -0.1422231255124024, -0.15357371123052832, -0.5790941448132219, -1.4612880561333041], [-1.4862292198533746, -0.022488209690081074, -0.02035440418968215, 0.2062182708353561, -0.661479436052511, -1.4085453160321764]], [[13, 3, 1, 0, 0, 0, 2], [13, 3, 1, 0, 0, 2, 0], [13, 3, 1, 0, 0, 0, 0]], 12.874870300292969, 512.9632377624512)
('58934,3347,55702,55708', [[-1.4862292198533746, -0.022488209690081074, -0.1422231255124024, -0.15357371123052832, -0.5790941448132219, -1.4612880561333041], [-1.4862292198533746, -0.022488209690081074, -0.02035440418968215, 0.2062182708353561, -0.661479436052511, -1.4085453160321764], [-1.4862292198533746, -0.022488209690081074, -0.21075304072917733, 0.043630331021509726, -0.5440899721171659, -1.4085220278543757]], [[13, 3, 1, 0, 0, 2, 0], [13, 3, 1, 0, 0, 0, 0], [13, 3, 1, 0, 0, 0, 2]], 10.605537414550781, 523.568775177002)
('3347,55702,55708,14070', [[-1.4862292198533746, -0.022488209690081074, -0.02035440418968215, 0.2062182708353561, -0.661479436052511, -1.4085453160321764], [-1.4862292198533746, -0.022488209690081074, -0.21075304072917733, 0.043630331021509726, -0.5440899721171659, -1.4085220278543757], [-1.4862292198533746, -0.022488209690081074, -0.043373626256803195, 0.031013977065962078, -0.5668411898367853, -1.410394739131189]], [[13, 3, 1, 0, 0, 0, 0], [13, 3, 1, 0, 0, 0, 2], [13, 3, 1, 0, 0, 2, 0]], 15.022867202758789, 538.5916423797607)
('55702,55708,14070,55709', [[-1.4862292198533746, -0.022488209690081074, -0.21075304072917733, 0.043630331021509726, -0.5440899721171659, -1.4085220278543757], [-1.4862292198533746, -0.022488209690081074, -0.043373626256803195, 0.031013977065962078, -0.5668411898367853, -1.410394739131189], [-1.4862292198533746, -0.022488209690081074, -0.052781512490125596, 0.06283844649900648, -0.5358578639490432, -1.4013608935224195]], [[13, 3, 1, 0, 0, 0, 2], [13, 3, 1, 0, 0, 2, 0], [13, 3, 1, 0, 0, 0, 2]], 13.874866485595703, 552.4665088653564)
('55708,14070,55709,37316', [[-1.4862292198533746, -0.022488209690081074, -0.043373626256803195, 0.031013977065962078, -0.5668411898367853, -1.410394739131189], [-1.4862292198533746, -0.022488209690081074, -0.052781512490125596, 0.06283844649900648, -0.5358578639490432, -1.4013608935224195], [-1.4862292198533746, -0.022488209690081074, -0.01450390756030237, 0.03943831228977356, -0.5860586677402874, -1.4097859200446727]], [[13, 3, 1, 0, 0, 2, 0], [13, 3, 1, 0, 0, 0, 2], [13, 3, 1, 0, 0, 2, 0]], 14.910307884216309, 567.3768167495728)
('14070,55709,37316,55711', [[-1.4862292198533746, -0.022488209690081074, -0.052781512490125596, 0.06283844649900648, -0.5358578639490432, -1.4013608935224195], [-1.4862292198533746, -0.022488209690081074, -0.01450390756030237, 0.03943831228977356, -0.5860586677402874, -1.4097859200446727], [-1.4862292198533746, -0.022488209690081074, -0.006110927066614286, 0.06221080879668767, -0.6399315940158864, -1.4059114933745533]], [[13, 3, 1, 0, 0, 0, 2], [13, 3, 1, 0, 0, 2, 0], [13, 3, 1, 0, 0, 0, 0]], 12.542182922363281, 579.918999671936)
('55709,37316,55711,33679', [[-1.4862292198533746, -0.022488209690081074, -0.01450390756030237, 0.03943831228977356, -0.5860586677402874, -1.4097859200446727], [-1.4862292198533746, -0.022488209690081074, -0.006110927066614286, 0.06221080879668767, -0.6399315940158864, -1.4059114933745533], [-1.4862292198533746, -0.022488209690081074, -0.024298037920829057, 0.04860837634857565, -0.5552414010544305, -1.4043921814471245]], [[13, 3, 1, 0, 0, 2, 0], [13, 3, 1, 0, 0, 0, 0], [13, 3, 1, 0, 0, 0, 2]], 12.47321891784668, 592.3922185897827)
('37316,55711,33679,24836', [[-1.4862292198533746, -0.022488209690081074, -0.006110927066614286, 0.06221080879668767, -0.6399315940158864, -1.4059114933745533], [-1.4862292198533746, -0.022488209690081074, -0.024298037920829057, 0.04860837634857565, -0.5552414010544305, -1.4043921814471245], [-1.4862292198533746, -0.022488209690081074, 0.04527230066561333, 0.03196043299378013, -0.5299572269753888, -1.4080986853836763]], [[13, 3, 1, 0, 0, 0, 0], [13, 3, 1, 0, 0, 0, 2], [13, 3, 1, 0, 0, 2, 0]], 14.42400074005127, 606.816219329834)
('55711,33679,24836,34901', [[-1.4862292198533746, -0.022488209690081074, -0.024298037920829057, 0.04860837634857565, -0.5552414010544305, -1.4043921814471245], [-1.4862292198533746, -0.022488209690081074, 0.04527230066561333, 0.03196043299378013, -0.5299572269753888, -1.4080986853836763], [-1.4862292198533746, -0.022488209690081074, 0.029573158738840973, 0.08149870955912634, -0.5728425693929167, -1.3978075507308902]], [[13, 3, 1, 0, 0, 0, 2], [13, 3, 1, 0, 0, 2, 0], [13, 3, 1, 0, 0, 0, 2]], 14.350199699401855, 621.1664190292358)
('33679,24836,34901,35734', [[-1.4862292198533746, -0.022488209690081074, 0.04527230066561333, 0.03196043299378013, -0.5299572269753888, -1.4080986853836763], [-1.4862292198533746, -0.022488209690081074, 0.029573158738840973, 0.08149870955912634, -0.5728425693929167, -1.3978075507308902], [-1.4862292198533746, -0.022488209690081074, 0.03221307355416509, -0.3652308601840709, -0.5613379878863095, -1.5350262031645334]], [[13, 3, 1, 0, 0, 2, 0], [13, 3, 1, 0, 0, 0, 2], [13, 3, 1, 0, 0, 2, 0]], 13.760381698608398, 634.9268007278442)
('24836,34901,35734,35771', [[-1.4862292198533746, -0.022488209690081074, 0.029573158738840973, 0.08149870955912634, -0.5728425693929167, -1.3978075507308902], [-1.4862292198533746, -0.022488209690081074, 0.03221307355416509, -0.3652308601840709, -0.5613379878863095, -1.5350262031645334], [-1.4862292198533746, -0.022488209690081074, 0.021520026681394442, 0.03513790110849223, -0.5612449947332537, -1.535776741303977]], [[13, 3, 1, 0, 0, 0, 2], [13, 3, 1, 0, 0, 2, 0], [13, 3, 1, 0, 0, 0, 2]], 14.04917049407959, 648.9759712219238)
('34901,35734,35771,31692', [[-1.4862292198533746, -0.022488209690081074, 0.03221307355416509, -0.3652308601840709, -0.5613379878863095, -1.5350262031645334], [-1.4862292198533746, -0.022488209690081074, 0.021520026681394442, 0.03513790110849223, -0.5612449947332537, -1.535776741303977], [-1.4862292198533746, -0.022488209690081074, 0.05582732035778648, 0.03920105735684644, -0.44604861932413936, -1.5745093773551042]], [[13, 3, 1, 0, 0, 2, 0], [13, 3, 1, 0, 0, 0, 2], [13, 3, 1, 0, 0, 2, 2]], 17.07807159423828, 666.0540428161621)
('35734,35771,31692,29353', [[-1.4862292198533746, -0.022488209690081074, 0.021520026681394442, 0.03513790110849223, -0.5612449947332537, -1.535776741303977], [-1.4862292198533746, -0.022488209690081074, 0.05582732035778648, 0.03920105735684644, -0.44604861932413936, -1.5745093773551042], [-1.4862292198533746, -0.022488209690081074, -0.20874874687994843, 3.124762048776831, -0.5345493174381878, -0.7678333298750232]], [[13, 3, 1, 0, 0, 0, 2], [13, 3, 1, 0, 0, 2, 2], [0, 3, 1, 0, 0, 2, 0]], 16.65493392944336, 682.7089767456055)
('35771,31692,29353,16467', [[-1.4862292198533746, -0.022488209690081074, 0.05582732035778648, 0.03920105735684644, -0.44604861932413936, -1.5745093773551042], [-1.4862292198533746, -0.022488209690081074, -0.20874874687994843, 3.124762048776831, -0.5345493174381878, -0.7678333298750232], [-1.4862292198533746, -0.022488209690081074, -0.3198931042385036, -1.4397946805655686, -0.36616750084927907, -1.5321864892175523]], [[13, 3, 1, 0, 0, 2, 2], [0, 3, 1, 0, 0, 2, 0], [0, 3, 1, 0, 0, 0, 0]], 30.04685401916504, 712.7558307647705)
('31692,29353,16467,879', [[-1.4862292198533746, -0.022488209690081074, -0.20874874687994843, 3.124762048776831, -0.5345493174381878, -0.7678333298750232], [-1.4862292198533746, -0.022488209690081074, -0.3198931042385036, -1.4397946805655686, -0.36616750084927907, -1.5321864892175523], [-1.8568439816985836, -0.022488209690081074, 0.10947581770085646, 2.7350408710869933, -0.5653178734248249, -0.8727105136104146]], [[0, 3, 1, 0, 0, 2, 0], [0, 3, 1, 0, 0, 0, 0], [10, 3, 1, 0, 0, 0, 0]], 48.02676010131836, 760.7825908660889)
('29353,16467,879,5547', [[-1.4862292198533746, -0.022488209690081074, -0.3198931042385036, -1.4397946805655686, -0.36616750084927907, -1.5321864892175523], [-1.8568439816985836, -0.022488209690081074, 0.10947581770085646, 2.7350408710869933, -0.5653178734248249, -0.8727105136104146], [-1.8568439816985836, -0.022488209690081074, -0.0353355727989184, 0.07110417643208118, -0.5659976090912084, -0.8638434759080512]], [[0, 3, 1, 0, 0, 0, 0], [10, 3, 1, 0, 0, 0, 0], [10, 3, 1, 0, 0, 0, 0]], 42.75425338745117, 803.53684425354)
('16467,879,5547,5552', [[-1.8568439816985836, -0.022488209690081074, 0.10947581770085646, 2.7350408710869933, -0.5653178734248249, -0.8727105136104146], [-1.8568439816985836, -0.022488209690081074, -0.0353355727989184, 0.07110417643208118, -0.5659976090912084, -0.8638434759080512], [-1.8568439816985836, -0.022488209690081074, -0.4635759195558286, 0.004090483350810288, -0.5384373168849934, -0.8763404483612486]], [[10, 3, 1, 0, 0, 0, 0], [10, 3, 1, 0, 0, 0, 0], [10, 3, 1, 0, 0, 0, 0]], 7.423437118530273, 810.9602813720703)
('879,5547,5552,61438', [[-1.8568439816985836, -0.022488209690081074, -0.0353355727989184, 0.07110417643208118, -0.5659976090912084, -0.8638434759080512], [-1.8568439816985836, -0.022488209690081074, -0.4635759195558286, 0.004090483350810288, -0.5384373168849934, -0.8763404483612486], [-1.8568439816985836, -0.022488209690081074, -0.003197277674663432, -0.18636701591000945, -0.6677000137551308, -0.9387607262034832]], [[10, 3, 1, 0, 0, 0, 0], [10, 3, 1, 0, 0, 0, 0], [10, 3, 1, 0, 0, 0, 0]], 7.644043445587158, 818.6043248176575)
('5547,5552,61438,54999', [[-1.8568439816985836, -0.022488209690081074, -0.4635759195558286, 0.004090483350810288, -0.5384373168849934, -0.8763404483612486], [-1.8568439816985836, -0.022488209690081074, -0.003197277674663432, -0.18636701591000945, -0.6677000137551308, -0.9387607262034832], [-1.8568439816985836, -0.022488209690081074, -0.0006710323021878024, -1.96351329723653, -0.6569604116385416, -1.5901491763755156]], [[10, 3, 1, 0, 0, 0, 0], [10, 3, 1, 0, 0, 0, 0], [10, 3, 1, 0, 0, 0, 0]], 5.12636137008667, 823.7306861877441)
('5552,61438,54999,42087', [[-1.8568439816985836, -0.022488209690081074, -0.003197277674663432, -0.18636701591000945, -0.6677000137551308, -0.9387607262034832], [-1.8568439816985836, -0.022488209690081074, -0.0006710323021878024, -1.96351329723653, -0.6569604116385416, -1.5901491763755156], [-1.8568439816985836, -0.022488209690081074, 0.009800475146266929, 0.550800644148312, -0.6606945295582669, -1.4256154249777822]], [[10, 3, 1, 0, 0, 0, 0], [10, 3, 1, 0, 0, 0, 0], [10, 3, 1, 0, 0, 0, 0]], 0.0, 823.7306861877441)
('61438,54999,42087,64690', [[-1.8568439816985836, -0.022488209690081074, -0.0006710323021878024, -1.96351329723653, -0.6569604116385416, -1.5901491763755156], [-1.8568439816985836, -0.022488209690081074, 0.009800475146266929, 0.550800644148312, -0.6606945295582669, -1.4256154249777822], [-1.8568439816985836, -0.022488209690081074, 0.10988873935035823, 0.04328219172978578, -0.5779439080748303, -1.5276603287105859]], [[10, 3, 1, 0, 0, 0, 0], [10, 3, 1, 0, 0, 0, 0], [10, 3, 1, 0, 0, 0, 2]], 6.306507587432861, 830.037193775177)
('54999,42087,64690,54643', [[-1.8568439816985836, -0.022488209690081074, 0.009800475146266929, 0.550800644148312, -0.6606945295582669, -1.4256154249777822], [-1.8568439816985836, -0.022488209690081074, 0.10988873935035823, 0.04328219172978578, -0.5779439080748303, -1.5276603287105859], [-1.4862292198533746, -0.022488209690081074, 0.08889816887022169, 2.2977137195032364, 0.10920906932615886, -0.8469521796154831]], [[10, 3, 1, 0, 0, 0, 0], [10, 3, 1, 0, 0, 0, 2], [13, 3, 1, 3, 1, 2, 2]], 11.186369895935059, 841.2235636711121)
('42087,64690,54643,55715', [[-1.8568439816985836, -0.022488209690081074, 0.10988873935035823, 0.04328219172978578, -0.5779439080748303, -1.5276603287105859], [-1.4862292198533746, -0.022488209690081074, 0.08889816887022169, 2.2977137195032364, 0.10920906932615886, -0.8469521796154831], [-1.4862292198533746, -0.022488209690081074, -0.02266258981466786, 0.0289330668221614, -0.5197866543905928, -1.0648641189733974]], [[10, 3, 1, 0, 0, 0, 2], [13, 3, 1, 3, 1, 2, 2], [13, 3, 1, 4, 0, 2, 0]], 34.560218811035156, 875.7837824821472)
('64690,54643,55715,55717', [[-1.4862292198533746, -0.022488209690081074, 0.08889816887022169, 2.2977137195032364, 0.10920906932615886, -0.8469521796154831], [-1.4862292198533746, -0.022488209690081074, -0.02266258981466786, 0.0289330668221614, -0.5197866543905928, -1.0648641189733974], [-1.4862292198533746, -0.022488209690081074, 0.06857801612437438, 0.014871190266417221, -0.5773870562178418, -1.07406561081822]], [[13, 3, 1, 3, 1, 2, 2], [13, 3, 1, 4, 0, 2, 0], [13, 3, 1, 4, 0, 0, 2]], 11.009757995605469, 886.7935404777527)
('54643,55715,55717,55720', [[-1.4862292198533746, -0.022488209690081074, -0.02266258981466786, 0.0289330668221614, -0.5197866543905928, -1.0648641189733974], [-1.4862292198533746, -0.022488209690081074, 0.06857801612437438, 0.014871190266417221, -0.5773870562178418, -1.07406561081822], [-1.4862292198533746, -0.022488209690081074, 0.18102261272195275, 0.03839235004249407, -0.599052246757132, -1.0759817991647105]], [[13, 3, 1, 4, 0, 2, 0], [13, 3, 1, 4, 0, 0, 2], [13, 3, 1, 4, 0, 2, 0]], 10.337525367736816, 897.1310658454895)
('55715,55717,55720,55721', [[-1.4862292198533746, -0.022488209690081074, 0.06857801612437438, 0.014871190266417221, -0.5773870562178418, -1.07406561081822], [-1.4862292198533746, -0.022488209690081074, 0.18102261272195275, 0.03839235004249407, -0.599052246757132, -1.0759817991647105], [-1.1156144580081655, -0.022488209690081074, 0.195507347437982, 0.033971244531722136, -0.5434047011440529, -1.0792046982252037]], [[13, 3, 1, 4, 0, 0, 2], [13, 3, 1, 4, 0, 2, 0], [13, 3, 1, 2, 0, 0, 2]], 9.849137306213379, 906.9802031517029)
('55717,55720,55721,68417', [[-1.4862292198533746, -0.022488209690081074, 0.18102261272195275, 0.03839235004249407, -0.599052246757132, -1.0759817991647105], [-1.1156144580081655, -0.022488209690081074, 0.195507347437982, 0.033971244531722136, -0.5434047011440529, -1.0792046982252037], [-1.1156144580081655, -0.022488209690081074, -0.3462029406865925, 0.044653622183630955, -0.48982403906377187, -1.0952743877699227]], [[13, 3, 1, 4, 0, 2, 0], [13, 3, 1, 2, 0, 0, 2], [13, 3, 1, 2, 0, 2, 2]], 6.9838786125183105, 913.9640817642212)
('55720,55721,68417,58397', [[-1.1156144580081655, -0.022488209690081074, 0.195507347437982, 0.033971244531722136, -0.5434047011440529, -1.0792046982252037], [-1.1156144580081655, -0.022488209690081074, -0.3462029406865925, 0.044653622183630955, -0.48982403906377187, -1.0952743877699227], [-1.4862292198533746, -0.022488209690081074, 0.16523183930555224, 0.7911355110465706, -0.4109016357144622, -1.2836452784596548]], [[13, 3, 1, 2, 0, 0, 2], [13, 3, 1, 2, 0, 2, 2], [13, 3, 1, 4, 0, 2, 0]], 13.863113403320312, 927.8271951675415)
('55721,68417,58397,58923', [[-1.1156144580081655, -0.022488209690081074, -0.3462029406865925, 0.044653622183630955, -0.48982403906377187, -1.0952743877699227], [-1.4862292198533746, -0.022488209690081074, 0.16523183930555224, 0.7911355110465706, -0.4109016357144622, -1.2836452784596548], [-1.4862292198533746, -0.022488209690081074, 0.21281757973314677, 0.08057955380640722, -0.6287347755634398, -1.3185731994551892]], [[13, 3, 1, 2, 0, 2, 2], [13, 3, 1, 4, 0, 2, 0], [13, 3, 1, 4, 0, 0, 0]], 15.336420059204102, 943.1636152267456)
('68417,58397,58923,58922', [[-1.4862292198533746, -0.022488209690081074, 0.16523183930555224, 0.7911355110465706, -0.4109016357144622, -1.2836452784596548], [-1.4862292198533746, -0.022488209690081074, 0.21281757973314677, 0.08057955380640722, -0.6287347755634398, -1.3185731994551892], [-1.4862292198533746, -0.022488209690081074, 0.38484584243916425, 0.0353340636438754, -0.5926335050735958, -1.3038976261845623]], [[13, 3, 1, 4, 0, 2, 0], [13, 3, 1, 4, 0, 0, 0], [13, 3, 1, 4, 0, 0, 0]], 11.03515625, 954.1987714767456)
('58397,58923,58922,58918', [[-1.4862292198533746, -0.022488209690081074, 0.21281757973314677, 0.08057955380640722, -0.6287347755634398, -1.3185731994551892], [-1.4862292198533746, -0.022488209690081074, 0.38484584243916425, 0.0353340636438754, -0.5926335050735958, -1.3038976261845623], [-1.4862292198533746, -0.022488209690081074, 0.6574112476592727, 0.10128029912711675, -0.19430176220481868, -1.2622601345963433]], [[13, 3, 1, 4, 0, 0, 0], [13, 3, 1, 4, 0, 0, 0], [13, 3, 1, 4, 0, 0, 0]], 9.148323059082031, 963.3470945358276)
('58923,58922,58918,57492', [[-1.4862292198533746, -0.022488209690081074, 0.38484584243916425, 0.0353340636438754, -0.5926335050735958, -1.3038976261845623], [-1.4862292198533746, -0.022488209690081074, 0.6574112476592727, 0.10128029912711675, -0.19430176220481868, -1.2622601345963433], [-1.4862292198533746, -0.022488209690081074, -0.4675508703783568, 0.3248793473062314, -0.4285039111142942, -1.2544730943974884]], [[13, 3, 1, 4, 0, 0, 0], [13, 3, 1, 4, 0, 0, 0], [13, 3, 1, 2, 0, 0, 0]], 17.51637077331543, 980.8634653091431)
('58922,58918,57492,58457', [[-1.4862292198533746, -0.022488209690081074, 0.6574112476592727, 0.10128029912711675, -0.19430176220481868, -1.2622601345963433], [-1.4862292198533746, -0.022488209690081074, -0.4675508703783568, 0.3248793473062314, -0.4285039111142942, -1.2544730943974884], [-1.4862292198533746, -0.022488209690081074, -0.07706037756666177, -0.001088000889795718, -0.4429577040463827, -1.272841047364984]], [[13, 3, 1, 4, 0, 0, 0], [13, 3, 1, 2, 0, 0, 0], [13, 3, 1, 2, 0, 0, 0]], 11.942153930664062, 992.8056192398071)
('58918,57492,58457,58452', [[-1.4862292198533746, -0.022488209690081074, -0.4675508703783568, 0.3248793473062314, -0.4285039111142942, -1.2544730943974884], [-1.4862292198533746, -0.022488209690081074, -0.07706037756666177, -0.001088000889795718, -0.4429577040463827, -1.272841047364984], [-1.4862292198533746, -0.022488209690081074, 0.214567857174401, 0.04356726536954125, -0.5077916447077513, -1.2657741486265082]], [[13, 3, 1, 2, 0, 0, 0], [13, 3, 1, 2, 0, 0, 0], [13, 3, 1, 2, 0, 0, 0]], 7.538598537445068, 1000.3442177772522)
('57492,58457,58452,58723', [[-1.4862292198533746, -0.022488209690081074, -0.07706037756666177, -0.001088000889795718, -0.4429577040463827, -1.272841047364984], [-1.4862292198533746, -0.022488209690081074, 0.214567857174401, 0.04356726536954125, -0.5077916447077513, -1.2657741486265082], [-1.4862292198533746, -0.022488209690081074, 0.15699892394566217, 0.09751494232909062, -0.5507135201496939, -1.2483214396295816]], [[13, 3, 1, 2, 0, 0, 0], [13, 3, 1, 2, 0, 0, 0], [13, 3, 1, 2, 0, 0, 0]], 6.010885238647461, 1006.3551030158997)
('58457,58452,58723,67400', [[-1.4862292198533746, -0.022488209690081074, 0.214567857174401, 0.04356726536954125, -0.5077916447077513, -1.2657741486265082], [-1.4862292198533746, -0.022488209690081074, 0.15699892394566217, 0.09751494232909062, -0.5507135201496939, -1.2483214396295816], [-1.4862292198533746, -0.022488209690081074, 0.013868217350707342, 0.03274707558932484, -0.5651573495296692, -1.253727931494533]], [[13, 3, 1, 2, 0, 0, 0], [13, 3, 1, 2, 0, 0, 0], [13, 3, 1, 2, 0, 0, 0]], 5.088226318359375, 1011.443329334259)
('58452,58723,67400,58373', [[-1.4862292198533746, -0.022488209690081074, 0.15699892394566217, 0.09751494232909062, -0.5507135201496939, -1.2483214396295816], [-1.4862292198533746, -0.022488209690081074, 0.013868217350707342, 0.03274707558932484, -0.5651573495296692, -1.253727931494533], [-1.4862292198533746, -0.022488209690081074, -0.08382602920011818, -0.06383600823631098, -0.4612496786647112, -1.2852924881874996]], [[13, 3, 1, 2, 0, 0, 0], [13, 3, 1, 2, 0, 0, 0], [13, 3, 1, 2, 0, 0, 0]], 4.546515941619873, 1015.9898452758789)
('58723,67400,58373,58369', [[-1.4862292198533746, -0.022488209690081074, 0.013868217350707342, 0.03274707558932484, -0.5651573495296692, -1.253727931494533], [-1.4862292198533746, -0.022488209690081074, -0.08382602920011818, -0.06383600823631098, -0.4612496786647112, -1.2852924881874996], [-1.4862292198533746, -0.022488209690081074, 0.054578116378829575, 0.04391764100525903, -0.512825452647565, -1.2279044866683686]], [[13, 3, 1, 2, 0, 0, 0], [13, 3, 1, 2, 0, 0, 0], [13, 3, 1, 2, 0, 0, 2]], 4.3367486000061035, 1020.326593875885)
('67400,58373,58369,58363', [[-1.4862292198533746, -0.022488209690081074, -0.08382602920011818, -0.06383600823631098, -0.4612496786647112, -1.2852924881874996], [-1.4862292198533746, -0.022488209690081074, 0.054578116378829575, 0.04391764100525903, -0.512825452647565, -1.2279044866683686], [-1.4862292198533746, -0.022488209690081074, 0.04205011992880214, 0.043424764957431264, -0.5729521684661609, -1.1321453045265866]], [[13, 3, 1, 2, 0, 0, 0], [13, 3, 1, 2, 0, 0, 2], [13, 3, 1, 2, 0, 2, 0]], 9.048163414001465, 1029.3747572898865)
('58373,58369,58363,16302', [[-1.4862292198533746, -0.022488209690081074, 0.054578116378829575, 0.04391764100525903, -0.512825452647565, -1.2279044866683686], [-1.4862292198533746, -0.022488209690081074, 0.04205011992880214, 0.043424764957431264, -0.5729521684661609, -1.1321453045265866], [-1.4862292198533746, -0.022488209690081074, 0.1173294482872074, 0.10194757748765415, -0.49572356897608033, -1.0583086653026041]], [[13, 3, 1, 2, 0, 0, 2], [13, 3, 1, 2, 0, 2, 0], [13, 3, 1, 2, 0, 0, 2]], 7.323486804962158, 1036.6982440948486)
('58369,58363,16302,58357', [[-1.4862292198533746, -0.022488209690081074, 0.04205011992880214, 0.043424764957431264, -0.5729521684661609, -1.1321453045265866], [-1.4862292198533746, -0.022488209690081074, 0.1173294482872074, 0.10194757748765415, -0.49572356897608033, -1.0583086653026041], [-1.4862292198533746, -0.022488209690081074, 0.028358751528104468, 0.028199598986069285, -0.66265734932455, -1.0606912073179564]], [[13, 3, 1, 2, 0, 2, 0], [13, 3, 1, 2, 0, 0, 2], [13, 3, 1, 2, 0, 2, 2]], 6.7075724601745605, 1043.4058165550232)
('58363,16302,58357,64399', [[-1.4862292198533746, -0.022488209690081074, 0.1173294482872074, 0.10194757748765415, -0.49572356897608033, -1.0583086653026041], [-1.4862292198533746, -0.022488209690081074, 0.028358751528104468, 0.028199598986069285, -0.66265734932455, -1.0606912073179564], [-1.4862292198533746, -0.022488209690081074, 0.2857376872064935, 0.06687746409000547, -0.4748942097529458, -1.0531957934694216]], [[13, 3, 1, 2, 0, 0, 2], [13, 3, 1, 2, 0, 2, 2], [13, 3, 1, 2, 0, 2, 0]], 11.618681907653809, 1055.024498462677)
('16302,58357,64399,58356', [[-1.4862292198533746, -0.022488209690081074, 0.028358751528104468, 0.028199598986069285, -0.66265734932455, -1.0606912073179564], [-1.4862292198533746, -0.022488209690081074, 0.2857376872064935, 0.06687746409000547, -0.4748942097529458, -1.0531957934694216], [-1.4862292198533746, -0.022488209690081074, 0.025286196894639703, 0.03170141550462318, -0.5658005521716379, -1.0571153750293236]], [[13, 3, 1, 2, 0, 2, 2], [13, 3, 1, 2, 0, 2, 0], [13, 3, 1, 2, 0, 0, 2]], 7.865487575531006, 1062.889986038208)
('58357,64399,58356,58348', [[-1.4862292198533746, -0.022488209690081074, 0.2857376872064935, 0.06687746409000547, -0.4748942097529458, -1.0531957934694216], [-1.4862292198533746, -0.022488209690081074, 0.025286196894639703, 0.03170141550462318, -0.5658005521716379, -1.0571153750293236], [-1.4862292198533746, -0.022488209690081074, -0.03385091068836797, 0.06597699158360262, -0.41202862416458985, -1.0520408454590506]], [[13, 3, 1, 2, 0, 2, 0], [13, 3, 1, 2, 0, 0, 2], [13, 3, 1, 2, 0, 2, 2]], 6.306457996368408, 1069.1964440345764)
('64399,58356,58348,58728', [[-1.4862292198533746, -0.022488209690081074, 0.025286196894639703, 0.03170141550462318, -0.5658005521716379, -1.0571153750293236], [-1.4862292198533746, -0.022488209690081074, -0.03385091068836797, 0.06597699158360262, -0.41202862416458985, -1.0520408454590506], [-1.4862292198533746, -0.022488209690081074, -0.029632382488329983, 0.011698824979125722, -0.6586752496633428, -1.0601947621045917]], [[13, 3, 1, 2, 0, 0, 2], [13, 3, 1, 2, 0, 2, 2], [13, 3, 1, 2, 0, 2, 2]], 14.000473976135254, 1083.1969180107117)
('58356,58348,58728,58727', [[-1.4862292198533746, -0.022488209690081074, -0.03385091068836797, 0.06597699158360262, -0.41202862416458985, -1.0520408454590506], [-1.4862292198533746, -0.022488209690081074, -0.029632382488329983, 0.011698824979125722, -0.6586752496633428, -1.0601947621045917], [-1.4862292198533746, -0.022488209690081074, 0.06322163360366631, 0.05681385808240856, -0.48168935229408855, -1.0615078561647684]], [[13, 3, 1, 2, 0, 2, 2], [13, 3, 1, 2, 0, 2, 2], [13, 3, 1, 2, 0, 2, 2]], 10.092645645141602, 1093.2895636558533)
('58348,58728,58727,58344', [[-1.4862292198533746, -0.022488209690081074, -0.029632382488329983, 0.011698824979125722, -0.6586752496633428, -1.0601947621045917], [-1.4862292198533746, -0.022488209690081074, 0.06322163360366631, 0.05681385808240856, -0.48168935229408855, -1.0615078561647684], [-1.1156144580081655, -0.022488209690081074, 0.14813850686561306, 0.05725678828012347, -0.6097243181316213, -1.0583201809768519]], [[13, 3, 1, 2, 0, 2, 2], [13, 3, 1, 2, 0, 2, 2], [13, 3, 1, 2, 0, 2, 2]], 12.43893051147461, 1105.7284941673279)
('58728,58727,58344,5879', [[-1.4862292198533746, -0.022488209690081074, 0.06322163360366631, 0.05681385808240856, -0.48168935229408855, -1.0615078561647684], [-1.1156144580081655, -0.022488209690081074, 0.14813850686561306, 0.05725678828012347, -0.6097243181316213, -1.0583201809768519], [-1.1156144580081655, -0.022488209690081074, 0.009803954823079738, -0.03132273182549828, -0.6566836463020662, -1.0826917786280739]], [[13, 3, 1, 2, 0, 2, 2], [13, 3, 1, 2, 0, 2, 2], [13, 3, 1, 2, 0, 2, 0]], 11.222335815429688, 1116.9508299827576)
('58727,58344,5879,69194', [[-1.1156144580081655, -0.022488209690081074, 0.14813850686561306, 0.05725678828012347, -0.6097243181316213, -1.0583201809768519], [-1.1156144580081655, -0.022488209690081074, 0.009803954823079738, -0.03132273182549828, -0.6566836463020662, -1.0826917786280739], [-1.1156144580081655, -0.022488209690081074, -0.13946258190060418, 0.0982603059699386, -0.44843322946321085, -1.0640124881666237]], [[13, 3, 1, 2, 0, 2, 2], [13, 3, 1, 2, 0, 2, 0], [13, 3, 1, 2, 1, 0, 0]], 5.113689422607422, 1122.064519405365)
('58344,5879,69194,69330', [[-1.1156144580081655, -0.022488209690081074, 0.009803954823079738, -0.03132273182549828, -0.6566836463020662, -1.0826917786280739], [-1.1156144580081655, -0.022488209690081074, -0.13946258190060418, 0.0982603059699386, -0.44843322946321085, -1.0640124881666237], [-1.4862292198533746, -0.022488209690081074, -0.018506695797412095, 0.04825263675066239, -0.6510708452783461, -1.062958696439388]], [[13, 3, 1, 2, 0, 2, 0], [13, 3, 1, 2, 1, 0, 0], [13, 3, 1, 2, 0, 0, 2]], 6.690072536468506, 1128.7545919418335)
('5879,69194,69330,57455', [[-1.1156144580081655, -0.022488209690081074, -0.13946258190060418, 0.0982603059699386, -0.44843322946321085, -1.0640124881666237], [-1.4862292198533746, -0.022488209690081074, -0.018506695797412095, 0.04825263675066239, -0.6510708452783461, -1.062958696439388], [-0.0037701724725383097, -0.022488209690081074, -0.006436856795571632, -2.0748887108797662, -0.6584239467378231, -1.7504896801609695]], [[13, 3, 1, 2, 1, 0, 0], [13, 3, 1, 2, 0, 0, 2], [18, 3, 1, 0, 0, 2, 2]], 8.880111694335938, 1137.6347036361694)
('69194,69330,57455,58340', [[-1.4862292198533746, -0.022488209690081074, -0.018506695797412095, 0.04825263675066239, -0.6510708452783461, -1.062958696439388], [-0.0037701724725383097, -0.022488209690081074, -0.006436856795571632, -2.0748887108797662, -0.6584239467378231, -1.7504896801609695], [-0.0037701724725383097, -0.022488209690081074, 0.011598308170754844, -0.6334714717131187, -0.22311081960921045, 1.367685905589528]], [[13, 3, 1, 2, 0, 0, 2], [18, 3, 1, 0, 0, 2, 2], [18, 3, 1, 0, 0, 2, 0]], 10.291776657104492, 1147.926480293274)
('69330,57455,58340,57441', [[-0.0037701724725383097, -0.022488209690081074, -0.006436856795571632, -2.0748887108797662, -0.6584239467378231, -1.7504896801609695], [-0.0037701724725383097, -0.022488209690081074, 0.011598308170754844, -0.6334714717131187, -0.22311081960921045, 1.367685905589528], [0.7374593512178792, -0.022488209690081074, -0.5338363940451992, 0.421792295154154, 0.5262280077137516, -1.7332068619446053]], [[18, 3, 1, 0, 0, 2, 2], [18, 3, 1, 0, 0, 2, 0], [20, 3, 1, 3, 1, 0, 4]], 22.788862228393555, 1170.7153425216675)
('57455,58340,57441,57546', [[-0.0037701724725383097, -0.022488209690081074, 0.011598308170754844, -0.6334714717131187, -0.22311081960921045, 1.367685905589528], [0.7374593512178792, -0.022488209690081074, -0.5338363940451992, 0.421792295154154, 0.5262280077137516, -1.7332068619446053], [0.7374593512178792, -0.022488209690081074, 0.3445221875382529, 0.030933325357212896, 0.5553647552765297, -1.7625088648620668]], [[18, 3, 1, 0, 0, 2, 0], [20, 3, 1, 3, 1, 0, 4], [20, 3, 1, 3, 1, 4, 0]], 36.24967956542969, 1206.9650220870972)
('58340,57441,57546,57751', [[0.7374593512178792, -0.022488209690081074, -0.5338363940451992, 0.421792295154154, 0.5262280077137516, -1.7332068619446053], [0.7374593512178792, -0.022488209690081074, 0.3445221875382529, 0.030933325357212896, 0.5553647552765297, -1.7625088648620668], [0.7374593512178792, -0.022488209690081074, 0.14264641694885596, 0.044211874200235805, 0.0851581615864514, 1.7106751479751523]], [[20, 3, 1, 3, 1, 0, 4], [20, 3, 1, 3, 1, 4, 0], [20, 3, 1, 3, 0, 0, 4]], 41.05964660644531, 1248.0246686935425)
('57441,57546,57751,57987', [[0.7374593512178792, -0.022488209690081074, 0.3445221875382529, 0.030933325357212896, 0.5553647552765297, -1.7625088648620668], [0.7374593512178792, -0.022488209690081074, 0.14264641694885596, 0.044211874200235805, 0.0851581615864514, 1.7106751479751523], [0.7374593512178792, -0.022488209690081074, 0.5282038879197962, 0.04355475543710027, 0.16451121179931655, -1.756070126893723]], [[20, 3, 1, 3, 1, 4, 0], [20, 3, 1, 3, 0, 0, 4], [20, 3, 1, 3, 0, 4, 4]], 21.97224235534668, 1269.9969110488892)
('57546,57751,57987,57989', [[0.7374593512178792, -0.022488209690081074, 0.14264641694885596, 0.044211874200235805, 0.0851581615864514, 1.7106751479751523], [0.7374593512178792, -0.022488209690081074, 0.5282038879197962, 0.04355475543710027, 0.16451121179931655, -1.756070126893723], [0.7374593512178792, -0.022488209690081074, 0.048195229195744864, 0.020885609454243267, -0.20161611651718916, -1.7581297282162838]], [[20, 3, 1, 3, 0, 0, 4], [20, 3, 1, 3, 0, 4, 4], [20, 3, 1, 3, 0, 4, 0]], 22.594026565551758, 1292.590937614441)
('57751,57987,57989,58724', [[0.7374593512178792, -0.022488209690081074, 0.5282038879197962, 0.04355475543710027, 0.16451121179931655, -1.756070126893723], [0.7374593512178792, -0.022488209690081074, 0.048195229195744864, 0.020885609454243267, -0.20161611651718916, -1.7581297282162838], [0.7374593512178792, -0.022488209690081074, 0.2265692625320848, 0.044618255436703565, -0.6110096163542128, -1.7640601995770335]], [[20, 3, 1, 3, 0, 4, 4], [20, 3, 1, 3, 0, 4, 0], [20, 3, 1, 3, 1, 0, 4]], 13.459235191345215, 1306.0501728057861)
('57987,57989,58724,57980', [[0.7374593512178792, -0.022488209690081074, 0.048195229195744864, 0.020885609454243267, -0.20161611651718916, -1.7581297282162838], [0.7374593512178792, -0.022488209690081074, 0.2265692625320848, 0.044618255436703565, -0.6110096163542128, -1.7640601995770335], [0.7374593512178792, -0.022488209690081074, -0.2666273713457987, 0.0508121464926315, -0.3074711082895877, -1.7587416671181222]], [[20, 3, 1, 3, 0, 4, 0], [20, 3, 1, 3, 1, 0, 4], [20, 3, 1, 3, 0, 4, 0]], 10.038122177124023, 1316.0882949829102)
('57989,58724,57980,58003', [[0.7374593512178792, -0.022488209690081074, 0.2265692625320848, 0.044618255436703565, -0.6110096163542128, -1.7640601995770335], [0.7374593512178792, -0.022488209690081074, -0.2666273713457987, 0.0508121464926315, -0.3074711082895877, -1.7587416671181222], [0.7374593512178792, -0.022488209690081074, -0.7889384611899969, 0.0438828011873675, 0.0024374307593539426, -1.7365716374161322]], [[20, 3, 1, 3, 1, 0, 4], [20, 3, 1, 3, 0, 4, 0], [20, 3, 1, 3, 0, 0, 4]], 9.165855407714844, 1325.254150390625)
('58724,57980,58003,30001', [[0.7374593512178792, -0.022488209690081074, -0.2666273713457987, 0.0508121464926315, -0.3074711082895877, -1.7587416671181222], [0.7374593512178792, -0.022488209690081074, -0.7889384611899969, 0.0438828011873675, 0.0024374307593539426, -1.7365716374161322], [-0.0037701724725383097, -0.022488209690081074, -1.8984368954324475, 0.47707771679841676, -0.23999904044093603, -1.6982705974952446]], [[20, 3, 1, 3, 0, 4, 0], [20, 3, 1, 3, 0, 0, 4], [18, 3, 1, 0, 0, 4, 0]], 21.200763702392578, 1346.4549140930176)
('57980,58003,30001,42431', [[0.7374593512178792, -0.022488209690081074, -0.7889384611899969, 0.0438828011873675, 0.0024374307593539426, -1.7365716374161322], [-0.0037701724725383097, -0.022488209690081074, -1.8984368954324475, 0.47707771679841676, -0.23999904044093603, -1.6982705974952446], [-1.4862292198533746, -0.022488209690081074, -0.24583050287540967, -0.40013668031179717, -0.519065957454411, -1.6282190164520225]], [[20, 3, 1, 3, 0, 0, 4], [18, 3, 1, 0, 0, 4, 0], [11, 3, 1, 0, 0, 0, 2]], 19.83525848388672, 1366.2901725769043)
('58003,30001,42431,15086', [[-0.0037701724725383097, -0.022488209690081074, -1.8984368954324475, 0.47707771679841676, -0.23999904044093603, -1.6982705974952446], [-1.4862292198533746, -0.022488209690081074, -0.24583050287540967, -0.40013668031179717, -0.519065957454411, -1.6282190164520225], [-1.4862292198533746, -0.022488209690081074, 0.17314346450558846, 2.4464188674214795, -0.5933387031509348, -1.0604482514329157]], [[18, 3, 1, 0, 0, 4, 0], [11, 3, 1, 0, 0, 0, 2], [11, 3, 1, 0, 0, 2, 0]], 24.672527313232422, 1390.9626998901367)
('30001,42431,15086,19149', [[-1.4862292198533746, -0.022488209690081074, -0.24583050287540967, -0.40013668031179717, -0.519065957454411, -1.6282190164520225], [-1.4862292198533746, -0.022488209690081074, 0.17314346450558846, 2.4464188674214795, -0.5933387031509348, -1.0604482514329157], [-1.4862292198533746, -0.022488209690081074, -0.07905771206225846, 0.954601687844265, -0.5286542157712629, -1.1820882001236188]], [[11, 3, 1, 0, 0, 0, 2], [11, 3, 1, 0, 0, 2, 0], [11, 3, 1, 0, 0, 0, 2]], 14.656455993652344, 1405.619155883789)
('42431,15086,19149,19187', [[-1.4862292198533746, -0.022488209690081074, 0.17314346450558846, 2.4464188674214795, -0.5933387031509348, -1.0604482514329157], [-1.4862292198533746, -0.022488209690081074, -0.07905771206225846, 0.954601687844265, -0.5286542157712629, -1.1820882001236188], [-1.4862292198533746, -0.022488209690081074, -0.4661253627737824, -0.18823307518497087, -0.4310036556333395, -1.7595625102547248]], [[11, 3, 1, 0, 0, 2, 0], [11, 3, 1, 0, 0, 0, 2], [11, 3, 1, 0, 0, 2, 0]], 17.93329429626465, 1423.5524501800537)
('15086,19149,19187,33771', [[-1.4862292198533746, -0.022488209690081074, -0.07905771206225846, 0.954601687844265, -0.5286542157712629, -1.1820882001236188], [-1.4862292198533746, -0.022488209690081074, -0.4661253627737824, -0.18823307518497087, -0.4310036556333395, -1.7595625102547248], [-1.4862292198533746, -0.022488209690081074, -0.12114672300400227, 2.4650548718566663, -0.48548435858783845, -1.2010004250948503]], [[11, 3, 1, 0, 0, 0, 2], [11, 3, 1, 0, 0, 2, 0], [0, 3, 1, 0, 1, 0, 0]], 9.881085395812988, 1433.4335355758667)
('19149,19187,33771,1222', [[-1.4862292198533746, -0.022488209690081074, -0.4661253627737824, -0.18823307518497087, -0.4310036556333395, -1.7595625102547248], [-1.4862292198533746, -0.022488209690081074, -0.12114672300400227, 2.4650548718566663, -0.48548435858783845, -1.2010004250948503], [-1.4862292198533746, -0.022488209690081074, -0.1046576944387408, -2.646169198129594, -0.5026559871241147, 1.664459677803501]], [[11, 3, 1, 0, 0, 2, 0], [0, 3, 1, 0, 1, 0, 0], [11, 3, 1, 0, 0, 0, 0]], 31.432300567626953, 1464.8658361434937)
('19187,33771,1222,24554', [[-1.4862292198533746, -0.022488209690081074, -0.12114672300400227, 2.4650548718566663, -0.48548435858783845, -1.2010004250948503], [-1.4862292198533746, -0.022488209690081074, -0.1046576944387408, -2.646169198129594, -0.5026559871241147, 1.664459677803501], [-1.4862292198533746, -0.022488209690081074, 0.13738862527142476, 0.0638061223195489, -0.35432969387755553, 1.6829006028093927]], [[0, 3, 1, 0, 1, 0, 0], [11, 3, 1, 0, 0, 0, 0], [11, 3, 1, 0, 0, 0, 0]], 12.623611450195312, 1477.489447593689)
('33771,1222,24554,33017', [[-1.4862292198533746, -0.022488209690081074, -0.1046576944387408, -2.646169198129594, -0.5026559871241147, 1.664459677803501], [-1.4862292198533746, -0.022488209690081074, 0.13738862527142476, 0.0638061223195489, -0.35432969387755553, 1.6829006028093927], [-1.4862292198533746, -0.022488209690081074, 0.13986847495294752, 2.7384447110103642, -0.24142714957714878, -0.8929090348054658]], [[11, 3, 1, 0, 0, 0, 0], [11, 3, 1, 0, 0, 0, 0], [0, 3, 1, 0, 0, 0, 0]], 22.59306526184082, 1500.0825128555298)
('1222,24554,33017,18860', [[-1.4862292198533746, -0.022488209690081074, 0.13738862527142476, 0.0638061223195489, -0.35432969387755553, 1.6829006028093927], [-1.4862292198533746, -0.022488209690081074, 0.13986847495294752, 2.7384447110103642, -0.24142714957714878, -0.8929090348054658], [-1.4862292198533746, -0.022488209690081074, 0.2795438624640528, -2.4236592882263044, -0.38237377189192945, -1.700559708809973]], [[11, 3, 1, 0, 0, 0, 0], [0, 3, 1, 0, 0, 0, 0], [0, 3, 1, 0, 0, 0, 0]], 38.08409118652344, 1538.1666040420532)
('24554,33017,18860,28255', [[-1.4862292198533746, -0.022488209690081074, 0.13986847495294752, 2.7384447110103642, -0.24142714957714878, -0.8929090348054658], [-1.4862292198533746, -0.022488209690081074, 0.2795438624640528, -2.4236592882263044, -0.38237377189192945, -1.700559708809973], [-1.4862292198533746, -0.022488209690081074, 0.2984095102984665, 0.04320722436248731, -0.3631917199514961, -1.7676029722308293]], [[0, 3, 1, 0, 0, 0, 0], [0, 3, 1, 0, 0, 0, 0], [0, 3, 1, 0, 0, 0, 0]], 31.82767105102539, 1569.9942750930786)
('33017,18860,28255,35683', [[-1.4862292198533746, -0.022488209690081074, 0.2795438624640528, -2.4236592882263044, -0.38237377189192945, -1.700559708809973], [-1.4862292198533746, -0.022488209690081074, 0.2984095102984665, 0.04320722436248731, -0.3631917199514961, -1.7676029722308293], [-1.4862292198533746, -0.022488209690081074, 0.06083573519633665, 2.419165176101861, -0.6406345779705338, -1.0391223649407277]], [[0, 3, 1, 0, 0, 0, 0], [0, 3, 1, 0, 0, 0, 0], [12, 3, 1, 0, 0, 0, 0]], 19.42931365966797, 1589.4235887527466)
('18860,28255,35683,41746', [[-1.4862292198533746, -0.022488209690081074, 0.2984095102984665, 0.04320722436248731, -0.3631917199514961, -1.7676029722308293], [-1.4862292198533746, -0.022488209690081074, 0.06083573519633665, 2.419165176101861, -0.6406345779705338, -1.0391223649407277], [-1.4862292198533746, -0.022488209690081074, 0.21528815027647238, 0.27370098298234086, -0.5494049736388384, -1.2964639831405325]], [[0, 3, 1, 0, 0, 0, 0], [12, 3, 1, 0, 0, 0, 0], [12, 3, 1, 0, 0, 0, 0]], 23.073335647583008, 1612.4969244003296)
('28255,35683,41746,62851', [[-1.4862292198533746, -0.022488209690081074, 0.06083573519633665, 2.419165176101861, -0.6406345779705338, -1.0391223649407277], [-1.4862292198533746, -0.022488209690081074, 0.21528815027647238, 0.27370098298234086, -0.5494049736388384, -1.2964639831405325], [-1.4862292198533746, -0.022488209690081074, 0.06924959375094775, 0.043858803940275776, -0.638949630602072, -1.4799817159210369]], [[12, 3, 1, 0, 0, 0, 0], [12, 3, 1, 0, 0, 0, 0], [12, 3, 1, 0, 0, 0, 0]], 8.739583969116211, 1621.2365083694458)
('35683,41746,62851,39755', [[-1.4862292198533746, -0.022488209690081074, 0.21528815027647238, 0.27370098298234086, -0.5494049736388384, -1.2964639831405325], [-1.4862292198533746, -0.022488209690081074, 0.06924959375094775, 0.043858803940275776, -0.638949630602072, -1.4799817159210369], [-1.4862292198533746, -0.022488209690081074, -0.005187652816614726, -0.01952916505066943, -0.6344073578998385, -1.4947429250945872]], [[12, 3, 1, 0, 0, 0, 0], [12, 3, 1, 0, 0, 0, 0], [12, 3, 1, 0, 0, 0, 0]], 5.131697177886963, 1626.3682055473328)
('41746,62851,39755,62850', [[-1.4862292198533746, -0.022488209690081074, 0.06924959375094775, 0.043858803940275776, -0.638949630602072, -1.4799817159210369], [-1.4862292198533746, -0.022488209690081074, -0.005187652816614726, -0.01952916505066943, -0.6344073578998385, -1.4947429250945872], [-1.4862292198533746, -0.022488209690081074, -0.6363001176261686, 0.04149475975993509, -0.4626058288134404, -1.5203399576584877]], [[12, 3, 1, 0, 0, 0, 0], [12, 3, 1, 0, 0, 0, 0], [12, 3, 1, 0, 0, 0, 2]], 5.379449844360352, 1631.7476553916931)
('62851,39755,62850,25878', [[-1.4862292198533746, -0.022488209690081074, -0.005187652816614726, -0.01952916505066943, -0.6344073578998385, -1.4947429250945872], [-1.4862292198533746, -0.022488209690081074, -0.6363001176261686, 0.04149475975993509, -0.4626058288134404, -1.5203399576584877], [-1.4862292198533746, -0.022488209690081074, -0.4106906313289503, -0.346445050663179, -0.4312073549209854, -1.6693703109881073]], [[12, 3, 1, 0, 0, 0, 0], [12, 3, 1, 0, 0, 0, 2], [12, 3, 1, 0, 1, 2, 2]], 9.760279655456543, 1641.5079350471497)
('39755,62850,25878,55844', [[-1.4862292198533746, -0.022488209690081074, -0.6363001176261686, 0.04149475975993509, -0.4626058288134404, -1.5203399576584877], [-1.4862292198533746, -0.022488209690081074, -0.4106906313289503, -0.346445050663179, -0.4312073549209854, -1.6693703109881073], [-1.4862292198533746, -0.022488209690081074, -0.46593166076404147, 0.08694884300825591, -0.4072427979662581, -1.6653370011107795]], [[12, 3, 1, 0, 0, 0, 2], [12, 3, 1, 0, 1, 2, 2], [12, 3, 1, 0, 0, 2, 2]], 19.458621978759766, 1660.9665570259094)
('62850,25878,55844,31781', [[-1.4862292198533746, -0.022488209690081074, -0.4106906313289503, -0.346445050663179, -0.4312073549209854, -1.6693703109881073], [-1.4862292198533746, -0.022488209690081074, -0.46593166076404147, 0.08694884300825591, -0.4072427979662581, -1.6653370011107795], [-1.4862292198533746, -0.022488209690081074, 0.00516322583535601, -0.10154522401732542, -0.6604432266327472, -1.7124965665885634]], [[12, 3, 1, 0, 1, 2, 2], [12, 3, 1, 0, 0, 2, 2], [12, 3, 1, 0, 0, 2, 2]], 15.337533950805664, 1676.304090976715)
('25878,55844,31781,62846', [[-1.4862292198533746, -0.022488209690081074, -0.46593166076404147, 0.08694884300825591, -0.4072427979662581, -1.6653370011107795], [-1.4862292198533746, -0.022488209690081074, 0.00516322583535601, -0.10154522401732542, -0.6604432266327472, -1.7124965665885634], [-1.4862292198533746, -0.022488209690081074, 0.13069952652804137, -0.06453970628723321, -0.5091411524884051, 1.7060445412808334]], [[12, 3, 1, 0, 0, 2, 2], [12, 3, 1, 0, 0, 2, 2], [12, 3, 1, 0, 0, 2, 0]], 12.96235179901123, 1689.2664427757263)
('55844,31781,62846,63475', [[-1.4862292198533746, -0.022488209690081074, 0.00516322583535601, -0.10154522401732542, -0.6604432266327472, -1.7124965665885634], [-1.4862292198533746, -0.022488209690081074, 0.13069952652804137, -0.06453970628723321, -0.5091411524884051, 1.7060445412808334], [-1.4862292198533746, -0.022488209690081074, 0.12579086242504559, 0.6072015205107788, -0.6050270568409617, -1.3862339636416876]], [[12, 3, 1, 0, 0, 2, 2], [12, 3, 1, 0, 0, 2, 0], [2, 3, 1, 0, 0, 0, 0]], 21.628089904785156, 1710.8945326805115)
('31781,62846,63475,63473', [[-1.4862292198533746, -0.022488209690081074, 0.13069952652804137, -0.06453970628723321, -0.5091411524884051, 1.7060445412808334], [-1.4862292198533746, -0.022488209690081074, 0.12579086242504559, 0.6072015205107788, -0.6050270568409617, -1.3862339636416876], [-1.4862292198533746, -0.022488209690081074, -0.3162301644376453, 0.6250842045715096, -0.5274519471496141, -0.9641677943100639]], [[12, 3, 1, 0, 0, 2, 0], [2, 3, 1, 0, 0, 0, 0], [11, 3, 1, 0, 0, 0, 0]], 157.64303588867188, 1868.5375685691833)
('62846,63475,63473,26475', [[-1.4862292198533746, -0.022488209690081074, 0.12579086242504559, 0.6072015205107788, -0.6050270568409617, -1.3862339636416876], [-1.4862292198533746, -0.022488209690081074, -0.3162301644376453, 0.6250842045715096, -0.5274519471496141, -0.9641677943100639], [-1.4862292198533746, -0.022488209690081074, 4.174909836520696, 0.12707015100372057, -0.012304198122668796, -1.1995149833906182]], [[2, 3, 1, 0, 0, 0, 0], [11, 3, 1, 0, 0, 0, 0], [11, 3, 1, 0, 0, 0, 0]], 29.69461441040039, 1898.2321829795837)
('63475,63473,26475,66692', [[-1.4862292198533746, -0.022488209690081074, -0.3162301644376453, 0.6250842045715096, -0.5274519471496141, -0.9641677943100639], [-1.4862292198533746, -0.022488209690081074, 4.174909836520696, 0.12707015100372057, -0.012304198122668796, -1.1995149833906182], [-1.4862292198533746, -0.022488209690081074, 0.043225090802234495, 0.00114297368781504, -0.6136809553818728, -1.2383401394308933]], [[11, 3, 1, 0, 0, 0, 0], [11, 3, 1, 0, 0, 0, 0], [11, 3, 1, 0, 0, 0, 0]], 32.27604675292969, 1930.5082297325134)
('63473,26475,66692,37036', [[-1.4862292198533746, -0.022488209690081074, 4.174909836520696, 0.12707015100372057, -0.012304198122668796, -1.1995149833906182], [-1.4862292198533746, -0.022488209690081074, 0.043225090802234495, 0.00114297368781504, -0.6136809553818728, -1.2383401394308933], [-1.4862292198533746, -0.022488209690081074, -0.05747211684563476, -0.10863094582930367, -0.6646157408454496, -1.361246478246037]], [[11, 3, 1, 0, 0, 0, 0], [11, 3, 1, 0, 0, 0, 0], [11, 3, 1, 0, 0, 0, 0]], 6.217902660369873, 1936.7261323928833)
('26475,66692,37036,66699', [[-1.4862292198533746, -0.022488209690081074, 0.043225090802234495, 0.00114297368781504, -0.6136809553818728, -1.2383401394308933], [-1.4862292198533746, -0.022488209690081074, -0.05747211684563476, -0.10863094582930367, -0.6646157408454496, -1.361246478246037], [-1.4862292198533746, -0.022488209690081074, -1.4365329952111567, 0.043552857293756256, -0.38424470556650275, -1.5390246490768646]], [[11, 3, 1, 0, 0, 0, 0], [11, 3, 1, 0, 0, 0, 0], [11, 3, 1, 0, 0, 0, 0]], 11.449931144714355, 1948.1760635375977)
('66692,37036,66699,31367', [[-1.4862292198533746, -0.022488209690081074, -0.05747211684563476, -0.10863094582930367, -0.6646157408454496, -1.361246478246037], [-1.4862292198533746, -0.022488209690081074, -1.4365329952111567, 0.043552857293756256, -0.38424470556650275, -1.5390246490768646], [-1.4862292198533746, -0.022488209690081074, -0.45174617825467206, 0.06812931957902237, -0.04367610254282218, -1.5427510139924423]], [[11, 3, 1, 0, 0, 0, 0], [11, 3, 1, 0, 0, 0, 0], [11, 3, 1, 0, 0, 0, 0]], 24.44843101501465, 1972.6244945526123)
('37036,66699,31367,1063', [[-1.4862292198533746, -0.022488209690081074, -1.4365329952111567, 0.043552857293756256, -0.38424470556650275, -1.5390246490768646], [-1.4862292198533746, -0.022488209690081074, -0.45174617825467206, 0.06812931957902237, -0.04367610254282218, -1.5427510139924423], [-1.4862292198533746, -0.022488209690081074, -0.7690637070773166, 0.06852681839891862, -0.40451389174861124, -1.5279736684614984]], [[11, 3, 1, 0, 0, 0, 0], [11, 3, 1, 0, 0, 0, 0], [11, 3, 1, 0, 0, 0, 0]], 26.32996940612793, 1998.9544639587402)
('66699,31367,1063,8582', [[-1.4862292198533746, -0.022488209690081074, -0.45174617825467206, 0.06812931957902237, -0.04367610254282218, -1.5427510139924423], [-1.4862292198533746, -0.022488209690081074, -0.7690637070773166, 0.06852681839891862, -0.40451389174861124, -1.5279736684614984], [-1.4862292198533746, -0.022488209690081074, -0.5255768011630116, -0.011106610308990607, 0.6740893351950323, -1.642922658987386]], [[11, 3, 1, 0, 0, 0, 0], [11, 3, 1, 0, 0, 0, 0], [11, 3, 1, 0, 0, 0, 0]], 16.307849884033203, 2015.2623138427734)
('31367,1063,8582,7132', [[-1.4862292198533746, -0.022488209690081074, -0.7690637070773166, 0.06852681839891862, -0.40451389174861124, -1.5279736684614984], [-1.4862292198533746, -0.022488209690081074, -0.5255768011630116, -0.011106610308990607, 0.6740893351950323, -1.642922658987386], [-1.4862292198533746, -0.022488209690081074, 0.07373721695853531, 0.11689989877320205, -0.4288891684626679, -1.426435692292121]], [[11, 3, 1, 0, 0, 0, 0], [11, 3, 1, 0, 0, 0, 0], [11, 3, 1, 0, 0, 0, 0]], 52.315895080566406, 2067.57820892334)
('1063,8582,7132,43974', [[-1.4862292198533746, -0.022488209690081074, -0.5255768011630116, -0.011106610308990607, 0.6740893351950323, -1.642922658987386], [-1.4862292198533746, -0.022488209690081074, 0.07373721695853531, 0.11689989877320205, -0.4288891684626679, -1.426435692292121], [-1.4862292198533746, -0.022488209690081074, 0.20682093667725976, 0.536746768396135, -0.5755360496474947, -1.2187254038545947]], [[11, 3, 1, 0, 0, 0, 0], [11, 3, 1, 0, 0, 0, 0], [11, 3, 1, 0, 0, 0, 0]], 11.022638320922852, 2078.6008472442627)
('8582,7132,43974,60113', [[-1.4862292198533746, -0.022488209690081074, 0.07373721695853531, 0.11689989877320205, -0.4288891684626679, -1.426435692292121], [-1.4862292198533746, -0.022488209690081074, 0.20682093667725976, 0.536746768396135, -0.5755360496474947, -1.2187254038545947], [-1.4862292198533746, -0.022488209690081074, -0.04355456945152424, 0.6839245808332529, -0.6117845592963438, -1.140422146069644]], [[11, 3, 1, 0, 0, 0, 0], [11, 3, 1, 0, 0, 0, 0], [1, 3, 1, 0, 0, 0, 0]], 13.51918888092041, 2092.120036125183)
('7132,43974,60113,60100', [[-1.4862292198533746, -0.022488209690081074, 0.20682093667725976, 0.536746768396135, -0.5755360496474947, -1.2187254038545947], [-1.4862292198533746, -0.022488209690081074, -0.04355456945152424, 0.6839245808332529, -0.6117845592963438, -1.140422146069644], [-1.4862292198533746, -0.022488209690081074, -0.043843382627725906, 0.4603428024017313, -0.636412245997266, -0.9351686169588946]], [[11, 3, 1, 0, 0, 0, 0], [1, 3, 1, 0, 0, 0, 0], [11, 3, 1, 0, 0, 0, 0]], 15.139159202575684, 2107.259195327759)
('43974,60113,60100,60106', [[-1.4862292198533746, -0.022488209690081074, -0.04355456945152424, 0.6839245808332529, -0.6117845592963438, -1.140422146069644], [-1.4862292198533746, -0.022488209690081074, -0.043843382627725906, 0.4603428024017313, -0.636412245997266, -0.9351686169588946], [-1.4862292198533746, -0.022488209690081074, 0.10946421877812731, -0.14780016553983202, -0.6297942332714674, -1.0828999459791084]], [[1, 3, 1, 0, 0, 0, 0], [11, 3, 1, 0, 0, 0, 0], [11, 3, 1, 0, 0, 0, 0]], 8.47004508972168, 2115.7292404174805)
('60113,60100,60106,60120', [[-1.4862292198533746, -0.022488209690081074, -0.043843382627725906, 0.4603428024017313, -0.636412245997266, -0.9351686169588946], [-1.4862292198533746, -0.022488209690081074, 0.10946421877812731, -0.14780016553983202, -0.6297942332714674, -1.0828999459791084], [-1.4862292198533746, -0.022488209690081074, 1.5939187086083957, 0.015325312016889246, -0.4369906433919742, -1.1430730964540294]], [[11, 3, 1, 0, 0, 0, 0], [11, 3, 1, 0, 0, 0, 0], [11, 3, 1, 0, 0, 0, 0]], 5.041903018951416, 2120.771143436432)
('60100,60106,60120,60117', [[-1.4862292198533746, -0.022488209690081074, 0.10946421877812731, -0.14780016553983202, -0.6297942332714674, -1.0828999459791084], [-1.4862292198533746, -0.022488209690081074, 1.5939187086083957, 0.015325312016889246, -0.4369906433919742, -1.1430730964540294], [-1.4862292198533746, -0.022488209690081074, -0.5786731897837246, 0.18201617505719492, -0.43654117648553825, -0.8443948714157787]], [[11, 3, 1, 0, 0, 0, 0], [11, 3, 1, 0, 0, 0, 0], [11, 3, 1, 0, 0, 0, 0]], 26.404951095581055, 2147.176094532013)
('60106,60120,60117,60124', [[-1.4862292198533746, -0.022488209690081074, 1.5939187086083957, 0.015325312016889246, -0.4369906433919742, -1.1430730964540294], [-1.4862292198533746, -0.022488209690081074, -0.5786731897837246, 0.18201617505719492, -0.43654117648553825, -0.8443948714157787], [-1.4862292198533746, -0.022488209690081074, 0.06716874701163263, -0.01338143310647757, -0.45507891872265693, -1.0663948157137992]], [[11, 3, 1, 0, 0, 0, 0], [11, 3, 1, 0, 0, 0, 0], [11, 3, 1, 0, 0, 0, 0]], 16.34512710571289, 2163.521221637726)
('60120,60117,60124,60098', [[-1.4862292198533746, -0.022488209690081074, -0.5786731897837246, 0.18201617505719492, -0.43654117648553825, -0.8443948714157787], [-1.4862292198533746, -0.022488209690081074, 0.06716874701163263, -0.01338143310647757, -0.45507891872265693, -1.0663948157137992], [-1.4862292198533746, -0.022488209690081074, -0.7715412369742877, 0.05723284502104569, -0.19478776213566942, -0.9702242167604855]], [[11, 3, 1, 0, 0, 0, 0], [11, 3, 1, 0, 0, 0, 0], [11, 3, 1, 0, 0, 0, 0]], 14.631014823913574, 2178.1522364616394)
('60117,60124,60098,66602', [[-1.4862292198533746, -0.022488209690081074, 0.06716874701163263, -0.01338143310647757, -0.45507891872265693, -1.0663948157137992], [-1.4862292198533746, -0.022488209690081074, -0.7715412369742877, 0.05723284502104569, -0.19478776213566942, -0.9702242167604855], [-1.4862292198533746, -0.022488209690081074, -0.0018065668383028164, 0.49126257627706754, -0.6595553634333343, -0.8068714355294552]], [[11, 3, 1, 0, 0, 0, 0], [11, 3, 1, 0, 0, 0, 0], [0, 3, 1, 0, 0, 0, 0]], 15.73843002319336, 2193.8906664848328)
('60124,60098,66602,15182', [[-1.4862292198533746, -0.022488209690081074, -0.7715412369742877, 0.05723284502104569, -0.19478776213566942, -0.9702242167604855], [-1.4862292198533746, -0.022488209690081074, -0.0018065668383028164, 0.49126257627706754, -0.6595553634333343, -0.8068714355294552], [-1.4862292198533746, -0.022488209690081074, -0.5974414066671424, -2.9139885809720116, -0.41488927068239895, -1.7471203241118936]], [[11, 3, 1, 0, 0, 0, 0], [0, 3, 1, 0, 0, 0, 0], [12, 3, 1, 0, 0, 0, 0]], 0.0, 2193.8906664848328)
('60098,66602,15182,1310', [[-1.4862292198533746, -0.022488209690081074, -0.0018065668383028164, 0.49126257627706754, -0.6595553634333343, -0.8068714355294552], [-1.4862292198533746, -0.022488209690081074, -0.5974414066671424, -2.9139885809720116, -0.41488927068239895, -1.7471203241118936], [-1.4862292198533746, -0.022488209690081074, -0.2506301371046539, 0.04822133084073796, -0.5321658143604621, -1.7625248194372642]], [[0, 3, 1, 0, 0, 0, 0], [12, 3, 1, 0, 0, 0, 0], [12, 3, 1, 0, 0, 0, 0]], 14.431217193603516, 2208.3218836784363)
('66602,15182,1310,1308', [[-1.4862292198533746, -0.022488209690081074, -0.5974414066671424, -2.9139885809720116, -0.41488927068239895, -1.7471203241118936], [-1.4862292198533746, -0.022488209690081074, -0.2506301371046539, 0.04822133084073796, -0.5321658143604621, -1.7625248194372642], [-1.4862292198533746, -0.022488209690081074, 0.03216551797092812, -0.25867338665019735, -0.5436759311737988, 1.5402210733899377]], [[12, 3, 1, 0, 0, 0, 0], [12, 3, 1, 0, 0, 0, 0], [12, 3, 1, 0, 0, 0, 0]], 11.935309410095215, 2220.2571930885315)
('15182,1310,1308,12888', [[-1.4862292198533746, -0.022488209690081074, -0.2506301371046539, 0.04822133084073796, -0.5321658143604621, -1.7625248194372642], [-1.4862292198533746, -0.022488209690081074, 0.03216551797092812, -0.25867338665019735, -0.5436759311737988, 1.5402210733899377], [-1.4862292198533746, -0.022488209690081074, -0.2708180621312782, 0.06851479201729553, -0.5525346360637017, 1.5409119771755682]], [[12, 3, 1, 0, 0, 0, 0], [12, 3, 1, 0, 0, 0, 0], [12, 3, 1, 0, 0, 0, 0]], 7.772346019744873, 2228.0295391082764)
('1310,1308,12888,12011', [[-1.4862292198533746, -0.022488209690081074, 0.03216551797092812, -0.25867338665019735, -0.5436759311737988, 1.5402210733899377], [-1.4862292198533746, -0.022488209690081074, -0.2708180621312782, 0.06851479201729553, -0.5525346360637017, 1.5409119771755682], [-1.4862292198533746, -0.022488209690081074, -0.04123362501152526, -0.005045030036898806, -0.665655271449251, 1.5250677915883242]], [[12, 3, 1, 0, 0, 0, 0], [12, 3, 1, 0, 0, 0, 0], [12, 3, 1, 0, 0, 0, 0]], 7.512013912200928, 2235.5415530204773)
('1308,12888,12011,66596', [[-1.4862292198533746, -0.022488209690081074, -0.2708180621312782, 0.06851479201729553, -0.5525346360637017, 1.5409119771755682], [-1.4862292198533746, -0.022488209690081074, -0.04123362501152526, -0.005045030036898806, -0.665655271449251, 1.5250677915883242], [-1.4862292198533746, -0.022488209690081074, -0.16804000774409714, 0.19012784442708439, -0.5608431314646916, -1.5469522573565422]], [[12, 3, 1, 0, 0, 0, 0], [12, 3, 1, 0, 0, 0, 0], [2, 3, 1, 0, 0, 0, 0]], 4.940115928649902, 2240.481668949127)
('12888,12011,66596,66592', [[-1.4862292198533746, -0.022488209690081074, -0.04123362501152526, -0.005045030036898806, -0.665655271449251, 1.5250677915883242], [-1.4862292198533746, -0.022488209690081074, -0.16804000774409714, 0.19012784442708439, -0.5608431314646916, -1.5469522573565422], [-1.4862292198533746, -0.022488209690081074, 0.4641267991423951, 0.2660805759715155, -0.33788872582957413, -0.9010764432815909]], [[12, 3, 1, 0, 0, 0, 0], [2, 3, 1, 0, 0, 0, 0], [12, 3, 1, 0, 0, 0, 2]], 29.931602478027344, 2270.4132714271545)
('12011,66596,66592,60834', [[-1.4862292198533746, -0.022488209690081074, -0.16804000774409714, 0.19012784442708439, -0.5608431314646916, -1.5469522573565422], [-1.4862292198533746, -0.022488209690081074, 0.4641267991423951, 0.2660805759715155, -0.33788872582957413, -0.9010764432815909], [-1.4862292198533746, -0.022488209690081074, -0.17042590615144, 0.07726974298117553, -0.49903257533897954, -0.848253382864641]], [[2, 3, 1, 0, 0, 0, 0], [12, 3, 1, 0, 0, 0, 2], [12, 3, 1, 0, 1, 2, 2]], 12.786506652832031, 2283.1997780799866)
('66596,66592,60834,60835', [[-1.4862292198533746, -0.022488209690081074, 0.4641267991423951, 0.2660805759715155, -0.33788872582957413, -0.9010764432815909], [-1.4862292198533746, -0.022488209690081074, -0.17042590615144, 0.07726974298117553, -0.49903257533897954, -0.848253382864641], [-0.0037701724725383097, -0.022488209690081074, 0.016760988681731887, -2.5422840066123977, -0.6558976327464762, -1.672599313320743]], [[12, 3, 1, 0, 0, 0, 2], [12, 3, 1, 0, 1, 2, 2], [18, 3, 1, 0, 0, 2, 2]], 20.619871139526367, 2303.819649219513)
('66592,60834,60835,55602', [[-1.4862292198533746, -0.022488209690081074, -0.17042590615144, 0.07726974298117553, -0.49903257533897954, -0.848253382864641], [-0.0037701724725383097, -0.022488209690081074, 0.016760988681731887, -2.5422840066123977, -0.6558976327464762, -1.672599313320743], [-0.0037701724725383097, -0.022488209690081074, -0.23250334064869596, -0.10984597548941386, -0.09055682935770808, 1.59675999056737]], [[12, 3, 1, 0, 1, 2, 2], [18, 3, 1, 0, 0, 2, 2], [18, 3, 1, 0, 0, 2, 0]], 7.758450508117676, 2311.5780997276306)
('60834,60835,55602,43006', [[-0.0037701724725383097, -0.022488209690081074, 0.016760988681731887, -2.5422840066123977, -0.6558976327464762, -1.672599313320743], [-0.0037701724725383097, -0.022488209690081074, -0.23250334064869596, -0.10984597548941386, -0.09055682935770808, 1.59675999056737], [1.1080741130630882, -0.022488209690081074, -0.10620151105525735, 0.508159909744064, -0.5895746945748702, -1.7434724174850291]], [[18, 3, 1, 0, 0, 2, 2], [18, 3, 1, 0, 0, 2, 0], [20, 3, 1, 2, 0, 0, 4]], 25.26005744934082, 2336.8381571769714)
('60835,55602,43006,23933', [[-0.0037701724725383097, -0.022488209690081074, -0.23250334064869596, -0.10984597548941386, -0.09055682935770808, 1.59675999056737], [1.1080741130630882, -0.022488209690081074, -0.10620151105525735, 0.508159909744064, -0.5895746945748702, -1.7434724174850291], [1.1080741130630882, -0.022488209690081074, -4.402746385227249, -0.04315873814096104, 0.5015482891295716, -1.7636594077686207]], [[18, 3, 1, 0, 0, 2, 0], [20, 3, 1, 2, 0, 0, 4], [20, 3, 1, 2, 1, 4, 0]], 7.384265422821045, 2344.2224225997925)
('55602,43006,23933,6004', [[1.1080741130630882, -0.022488209690081074, -0.10620151105525735, 0.508159909744064, -0.5895746945748702, -1.7434724174850291], [1.1080741130630882, -0.022488209690081074, -4.402746385227249, -0.04315873814096104, 0.5015482891295716, -1.7636594077686207], [1.1080741130630882, -0.022488209690081074, 0.08231810000058325, -0.1494241826826365, 0.6089188478845092, -1.5713205161892454]], [[20, 3, 1, 2, 0, 0, 4], [20, 3, 1, 2, 1, 4, 0], [20, 3, 1, 2, 1, 0, 4]], 39.79914474487305, 2384.0215673446655)
('43006,23933,6004,55105', [[1.1080741130630882, -0.022488209690081074, -4.402746385227249, -0.04315873814096104, 0.5015482891295716, -1.7636594077686207], [1.1080741130630882, -0.022488209690081074, 0.08231810000058325, -0.1494241826826365, 0.6089188478845092, -1.5713205161892454], [-0.0037701724725383097, -0.022488209690081074, 0.008310013574348627, 0.2698771807668837, -0.461083619462826, -1.2876602000234307]], [[20, 3, 1, 2, 1, 4, 0], [20, 3, 1, 2, 1, 0, 4], [18, 3, 1, 0, 1, 4, 4]], 34.122581481933594, 2418.144148826599)
('23933,6004,55105,55108', [[1.1080741130630882, -0.022488209690081074, 0.08231810000058325, -0.1494241826826365, 0.6089188478845092, -1.5713205161892454], [-0.0037701724725383097, -0.022488209690081074, 0.008310013574348627, 0.2698771807668837, -0.461083619462826, -1.2876602000234307], [-0.0037701724725383097, -0.022488209690081074, 0.7540488323486146, 0.10787771569377808, 0.22829344418207892, -0.9478384799807684]], [[20, 3, 1, 2, 1, 0, 4], [18, 3, 1, 0, 1, 4, 4], [18, 3, 1, 0, 1, 4, 0]], 14.78947925567627, 2432.9336280822754)
('6004,55105,55108,56533', [[-0.0037701724725383097, -0.022488209690081074, 0.008310013574348627, 0.2698771807668837, -0.461083619462826, -1.2876602000234307], [-0.0037701724725383097, -0.022488209690081074, 0.7540488323486146, 0.10787771569377808, 0.22829344418207892, -0.9478384799807684], [0.3668445893726708, -0.022488209690081074, 0.2951258552711539, 0.1196137216716358, 0.14106918779985467, -0.670667066565487]], [[18, 3, 1, 0, 1, 4, 4], [18, 3, 1, 0, 1, 4, 0], [20, 3, 1, 2, 0, 0, 2]], 27.37061882019043, 2460.304246902466)
('55105,55108,56533,57026', [[-0.0037701724725383097, -0.022488209690081074, 0.7540488323486146, 0.10787771569377808, 0.22829344418207892, -0.9478384799807684], [0.3668445893726708, -0.022488209690081074, 0.2951258552711539, 0.1196137216716358, 0.14106918779985467, -0.670667066565487], [0.3668445893726708, -0.022488209690081074, -0.19352516078545676, -0.015389425142669177, -0.24088579657900303, -0.8467850917179408]], [[18, 3, 1, 0, 1, 4, 0], [20, 3, 1, 2, 0, 0, 2], [16, 3, 1, 2, 0, 2, 0]], 32.26839828491211, 2492.572645187378)
('55108,56533,57026,61838', [[0.3668445893726708, -0.022488209690081074, 0.2951258552711539, 0.1196137216716358, 0.14106918779985467, -0.670667066565487], [0.3668445893726708, -0.022488209690081074, -0.19352516078545676, -0.015389425142669177, -0.24088579657900303, -0.8467850917179408], [0.3668445893726708, -0.022488209690081074, 0.11493659052621914, 0.042041879530700724, 0.5306551460360109, -0.8915913822260306]], [[20, 3, 1, 2, 0, 0, 2], [16, 3, 1, 2, 0, 2, 0], [16, 3, 1, 2, 0, 0, 0]], 19.206043243408203, 2511.778688430786)
('56533,57026,61838,56529', [[0.3668445893726708, -0.022488209690081074, -0.19352516078545676, -0.015389425142669177, -0.24088579657900303, -0.8467850917179408], [0.3668445893726708, -0.022488209690081074, 0.11493659052621914, 0.042041879530700724, 0.5306551460360109, -0.8915913822260306], [0.3668445893726708, -0.022488209690081074, 0.18074771825304517, 0.03557455558244846, 0.09233745441462175, -0.8745079674121025]], [[16, 3, 1, 2, 0, 2, 0], [16, 3, 1, 2, 0, 0, 0], [16, 3, 1, 2, 0, 0, 0]], 28.350770950317383, 2540.1294593811035)
('57026,61838,56529,62082', [[0.3668445893726708, -0.022488209690081074, 0.11493659052621914, 0.042041879530700724, 0.5306551460360109, -0.8915913822260306], [0.3668445893726708, -0.022488209690081074, 0.18074771825304517, 0.03557455558244846, 0.09233745441462175, -0.8745079674121025], [0.3668445893726708, -0.022488209690081074, -0.030303960114890154, 0.06953404817487187, -0.46655471663427067, -0.7850309269331927]], [[16, 3, 1, 2, 0, 0, 0], [16, 3, 1, 2, 0, 0, 0], [16, 3, 1, 2, 0, 0, 2]], 20.80072784423828, 2560.930187225342)
('61838,56529,62082,56530', [[0.3668445893726708, -0.022488209690081074, 0.18074771825304517, 0.03557455558244846, 0.09233745441462175, -0.8745079674121025], [0.3668445893726708, -0.022488209690081074, -0.030303960114890154, 0.06953404817487187, -0.46655471663427067, -0.7850309269331927], [-1.4862292198533746, -0.022488209690081074, 0.01739892943235578, -2.362012496174026, -0.6490449230153466, -1.5635474170414856]], [[16, 3, 1, 2, 0, 0, 0], [16, 3, 1, 2, 0, 0, 2], [16, 3, 1, 0, 0, 2, 2]], 11.943195343017578, 2572.8733825683594)
('56529,62082,56530,54183', [[0.3668445893726708, -0.022488209690081074, -0.030303960114890154, 0.06953404817487187, -0.46655471663427067, -0.7850309269331927], [-1.4862292198533746, -0.022488209690081074, 0.01739892943235578, -2.362012496174026, -0.6490449230153466, -1.5635474170414856], [-1.4862292198533746, -0.022488209690081074, 0.08867314976908966, 0.011038362437959703, -0.6161076338520887, -1.5741561434684657]], [[16, 3, 1, 2, 0, 0, 2], [16, 3, 1, 0, 0, 2, 2], [11, 3, 1, 0, 0, 2, 0]], 9.467138290405273, 2582.3405208587646)
('62082,56530,54183,62079', [[-1.4862292198533746, -0.022488209690081074, 0.01739892943235578, -2.362012496174026, -0.6490449230153466, -1.5635474170414856], [-1.4862292198533746, -0.022488209690081074, 0.08867314976908966, 0.011038362437959703, -0.6161076338520887, -1.5741561434684657], [-1.4862292198533746, -0.022488209690081074, -0.013395050546484828, -0.029895689512133918, -0.6574973363913036, -1.598091723297215]], [[16, 3, 1, 0, 0, 2, 2], [11, 3, 1, 0, 0, 2, 0], [11, 3, 1, 0, 0, 0, 0]], 19.669111251831055, 2602.0096321105957)
('56530,54183,62079,52172', [[-1.4862292198533746, -0.022488209690081074, 0.08867314976908966, 0.011038362437959703, -0.6161076338520887, -1.5741561434684657], [-1.4862292198533746, -0.022488209690081074, -0.013395050546484828, -0.029895689512133918, -0.6574973363913036, -1.598091723297215], [-1.4862292198533746, -0.022488209690081074, 0.898703637391424, -0.25207301500593604, -0.12463328464589864, -1.6934719434956509]], [[11, 3, 1, 0, 0, 2, 0], [11, 3, 1, 0, 0, 0, 0], [11, 3, 1, 0, 0, 0, 0]], 1.5358694791793823, 2603.545501589775)
('54183,62079,52172,52169', [[-1.4862292198533746, -0.022488209690081074, -0.013395050546484828, -0.029895689512133918, -0.6574973363913036, -1.598091723297215], [-1.4862292198533746, -0.022488209690081074, 0.898703637391424, -0.25207301500593604, -0.12463328464589864, -1.6934719434956509], [-1.4862292198533746, -0.022488209690081074, -0.527143815625003, 2.7968379863020756, 0.6268753829150298, -0.7813906318480194]], [[11, 3, 1, 0, 0, 0, 0], [11, 3, 1, 0, 0, 0, 0], [11, 3, 1, 0, 0, 0, 0]], 21.707143783569336, 2625.2526453733444)
('62079,52172,52169,-1', [[-1.4862292198533746, -0.022488209690081074, 0.898703637391424, -0.25207301500593604, -0.12463328464589864, -1.6934719434956509], [-1.4862292198533746, -0.022488209690081074, -0.527143815625003, 2.7968379863020756, 0.6268753829150298, -0.7813906318480194], [0, 0, 0, 0, 0, 0]], [[11, 3, 1, 0, 0, 0, 0], [11, 3, 1, 0, 0, 0, 0], [0, 0, 0, 0, 0, 0, 0]], 81.59899139404297, 2706.8516367673874)
